  3473   1
0.00000000000000e+00
  0.00000000000000e+00
  3.35902630363427e-10
  0.00000000000000e+00
  0.00000000000000e+00
  1.07176775495793e-02
 -2.27295855685310e-04
  0.00000000000000e+00
  2.86312565639851e-05
  3.35902630363427e-10
 -3.08138311026694e-04
  0.00000000000000e+00
  0.00000000000000e+00
  3.35902630363427e-10
  0.00000000000000e+00
  0.00000000000000e+00
  1.34985974722682e-02
 -1.48939741760146e-04
  0.00000000000000e+00
 -5.40478879756110e-04
  3.35902630363427e-10
  4.41861633874872e-04
  0.00000000000000e+00
  0.00000000000000e+00
  0.00000000000000e+00
  0.00000000000000e+00
  0.00000000000000e+00
  0.00000000000000e+00
  0.00000000000000e+00
  0.00000000000000e+00
  0.00000000000000e+00
  0.00000000000000e+00
  0.00000000000000e+00
  0.00000000000000e+00
  0.00000000000000e+00
  0.00000000000000e+00
  0.00000000000000e+00
  0.00000000000000e+00
  0.00000000000000e+00
  0.00000000000000e+00
  0.00000000000000e+00
  0.00000000000000e+00
  0.00000000000000e+00
  0.00000000000000e+00
  0.00000000000000e+00
  0.00000000000000e+00
  1.42000535442633e-03
 -3.79178776213376e-06
  3.35902630363427e-10
 -1.72784456147843e-03
  9.21154819603169e-05
  2.56383792746450e-04
  3.35902630363427e-10
 -1.21625393973369e-03
 -9.10137552226433e-04
 -1.53824308815767e-04
  3.35902630363427e-10
 -3.03737194329551e-03
  1.29253546229361e-03
 -1.67296224750237e-03
  3.35902630363427e-10
 -3.03737194077055e-03
 -1.78304130967466e-03
  0.00000000000000e+00
 -4.37434635030079e-03
  3.89386692123300e-05
 -7.93712503588658e-04
  0.00000000000000e+00
 -2.19186124196220e-02
  4.17075801105910e-04
  1.50533252207888e-03
  0.00000000000000e+00
 -1.86785630241782e-02
 -2.84046671163551e-04
 -3.21114551417839e-03
  0.00000000000000e+00
  3.16013847840181e-03
 -5.69890676853342e-04
  1.41450617538658e-03
  0.00000000000000e+00
  3.35902630363427e-10
 -2.48518690103036e-03
  0.00000000000000e+00
  3.35902630363427e-10
 -3.36508696757365e-03
  0.00000000000000e+00
  3.35902630363427e-10
 -8.83396202814565e-04
  0.00000000000000e+00
  3.35902630363427e-10
  0.00000000000000e+00
  0.00000000000000e+00
  2.19760740818223e-03
  0.00000000000000e+00
  0.00000000000000e+00
 -7.91902419883909e-04
  0.00000000000000e+00
  0.00000000000000e+00
 -1.17682524397183e-03
  0.00000000000000e+00
  0.00000000000000e+00
 -1.75889115512018e-03
  0.00000000000000e+00
  0.00000000000000e+00
 -2.74532926109405e-04
  0.00000000000000e+00
 -1.03755258791449e-03
 -3.04045482929689e-01
  8.92440904986835e-04
  0.00000000000000e+00
 -2.69724369716144e-03
 -3.07089227548978e-01
 -1.54792171263597e-03
  0.00000000000000e+00
 -2.79420744982969e-03
 -1.62862637074716e-01
 -1.79288318471019e-03
  0.00000000000000e+00
 -2.52564587503383e-03
 -1.65724039876909e-01
 -2.19609943697307e-03
  0.00000000000000e+00
 -1.35304326482113e-03
 -1.96782172773624e-01
 -2.19760460049298e-03
  0.00000000000000e+00
 -1.29831536885977e-03
 -2.53917558006226e-01
  9.14229634786494e-04
  0.00000000000000e+00
  3.55008380716705e-04
  1.22732960242269e-01
 -1.49911333564136e-03
  0.00000000000000e+00
  1.66657819841423e-03
 -6.31017254420392e-05
 -1.07461338636227e-03
  0.00000000000000e+00
  1.68308285101549e-03
  3.35902630363427e-10
  0.00000000000000e+00
 -7.40523389719547e-04
  3.35902630363427e-10
  0.00000000000000e+00
 -1.24426137726725e-03
  3.35902630363427e-10
  0.00000000000000e+00
  1.83646371247025e-03
  3.35902630363427e-10
  0.00000000000000e+00
  5.69486961832368e-04
  3.35902630363427e-10
  0.00000000000000e+00
  0.00000000000000e+00
 -1.73125197667386e-05
  0.00000000000000e+00
  0.00000000000000e+00
  5.10536503868193e-04
  0.00000000000000e+00
  0.00000000000000e+00
  8.97419540353223e-04
  0.00000000000000e+00
  0.00000000000000e+00
 -1.65170444025965e-03
  0.00000000000000e+00
  0.00000000000000e+00
  1.09382292913991e-03
  0.00000000000000e+00
 -6.43958469113260e-04
  2.16634396553535e-02
 -1.86064594317795e-03
  0.00000000000000e+00
 -7.36778790540360e-03
  1.70933828148808e-02
 -2.30549854007004e-03
  0.00000000000000e+00
 -8.59353085827688e-04
  4.53469791605431e-03
 -1.95851533178111e-03
  0.00000000000000e+00
 -3.27255735486097e-03
  2.48010129878406e-02
 -2.20423928181605e-03
  0.00000000000000e+00
 -4.67435684352097e-04
 -1.38560295468378e-01
 -2.43186905457830e-03
  0.00000000000000e+00
  1.10334389233116e-03
  6.51154965115174e-02
 -2.43069141651726e-03
  0.00000000000000e+00
 -1.81433660847042e-03
 -1.76395421757973e-01
  4.75524333860859e-04
  0.00000000000000e+00
  1.87800544597853e-03
  1.75764218546393e-02
 -7.24544494858710e-04
  0.00000000000000e+00
  2.84837235234759e-04
  3.35902630363427e-10
  0.00000000000000e+00
 -5.73408223469796e-04
  3.35902630363427e-10
  0.00000000000000e+00
 -3.74995588520287e-03
  3.35902630363427e-10
  0.00000000000000e+00
  2.40797451427044e-03
  3.35902630363427e-10
  0.00000000000000e+00
  2.48354955979361e-03
  3.35902630363427e-10
  0.00000000000000e+00
  0.00000000000000e+00
  0.00000000000000e+00
  0.00000000000000e+00
  0.00000000000000e+00
  0.00000000000000e+00
  0.00000000000000e+00
  0.00000000000000e+00
  0.00000000000000e+00
  0.00000000000000e+00
  0.00000000000000e+00
  0.00000000000000e+00
  0.00000000000000e+00
  0.00000000000000e+00
  0.00000000000000e+00
  0.00000000000000e+00
  0.00000000000000e+00
  0.00000000000000e+00
  0.00000000000000e+00
  0.00000000000000e+00
  0.00000000000000e+00
  0.00000000000000e+00
  0.00000000000000e+00
  0.00000000000000e+00
  0.00000000000000e+00
  0.00000000000000e+00
  0.00000000000000e+00
  0.00000000000000e+00
  0.00000000000000e+00
  0.00000000000000e+00
  0.00000000000000e+00
  0.00000000000000e+00
  0.00000000000000e+00
  0.00000000000000e+00
  0.00000000000000e+00
  0.00000000000000e+00
  0.00000000000000e+00
  0.00000000000000e+00
  0.00000000000000e+00
  0.00000000000000e+00
  0.00000000000000e+00
  0.00000000000000e+00
  0.00000000000000e+00
  0.00000000000000e+00
  0.00000000000000e+00
  0.00000000000000e+00
  0.00000000000000e+00
  0.00000000000000e+00
  0.00000000000000e+00
  0.00000000000000e+00
  0.00000000000000e+00
  0.00000000000000e+00
  0.00000000000000e+00
  0.00000000000000e+00
  0.00000000000000e+00
  0.00000000000000e+00
  0.00000000000000e+00
  0.00000000000000e+00
  0.00000000000000e+00
  0.00000000000000e+00
  0.00000000000000e+00
  0.00000000000000e+00
  0.00000000000000e+00
  0.00000000000000e+00
  0.00000000000000e+00
  0.00000000000000e+00
  0.00000000000000e+00
  0.00000000000000e+00
  0.00000000000000e+00
  0.00000000000000e+00
  0.00000000000000e+00
  0.00000000000000e+00
  0.00000000000000e+00
  0.00000000000000e+00
  0.00000000000000e+00
  0.00000000000000e+00
  0.00000000000000e+00
  0.00000000000000e+00
  0.00000000000000e+00
  0.00000000000000e+00
  0.00000000000000e+00
  0.00000000000000e+00
  0.00000000000000e+00
  0.00000000000000e+00
  0.00000000000000e+00
  0.00000000000000e+00
  0.00000000000000e+00
  0.00000000000000e+00
  0.00000000000000e+00
  0.00000000000000e+00
  0.00000000000000e+00
  0.00000000000000e+00
  0.00000000000000e+00
  0.00000000000000e+00
  0.00000000000000e+00
  0.00000000000000e+00
  0.00000000000000e+00
  0.00000000000000e+00
  0.00000000000000e+00
  0.00000000000000e+00
  0.00000000000000e+00
  0.00000000000000e+00
  0.00000000000000e+00
  0.00000000000000e+00
  0.00000000000000e+00
  0.00000000000000e+00
  0.00000000000000e+00
  0.00000000000000e+00
  0.00000000000000e+00
  0.00000000000000e+00
  0.00000000000000e+00
  0.00000000000000e+00
  0.00000000000000e+00
  0.00000000000000e+00
  0.00000000000000e+00
  0.00000000000000e+00
  0.00000000000000e+00
  0.00000000000000e+00
  0.00000000000000e+00
  0.00000000000000e+00
  2.03282618269654e-03
 -2.82906383879010e-03
  3.35902630363427e-10
  1.63520306602382e-03
 -3.82294766439075e-03
  3.35902630363427e-10
 -6.57462899535838e-03
 -1.59688247614414e-03
  3.35902630363427e-10
  2.15972308237721e-03
  1.62529177244867e-04
  3.35902630363427e-10
  2.38973728841477e-03
 -4.69650464430588e-03
  3.35902630363427e-10
 -3.00713976957727e-03
 -1.34649590524869e-03
  3.35902630363427e-10
 -1.89682412602708e-03
 -1.51909532683422e-03
  3.35902630363427e-10
  1.80856128543348e-03
  1.00143228247167e-03
  3.35902630363427e-10
  1.54498272598153e-03
  3.29353899577705e-04
  3.35902630363427e-10
  1.19950697376068e-03
  1.27273801766286e-03
  3.35902630363427e-10
  1.84519733207415e-03
  5.70016895182151e-05
  3.35902630363427e-10
 -1.07521103522662e-03
 -1.21750083205287e-03
  3.35902630363427e-10
  2.02221175116647e-03
  4.64652240184887e-03
  3.35902630363427e-10
  1.26421170534295e-03
  5.47099805895473e-03
  3.35902630363427e-10
  4.02397838464144e-03
  7.12646884521168e-03
  3.35902630363427e-10
  1.01308414471944e-03
  2.33476912905055e-03
  3.35902630363427e-10
 -2.40611308706370e-03
  1.40234862672702e-03
  3.35902630363427e-10
 -2.86605438707406e-03
  1.39820541457232e-03
  3.35902630363427e-10
  2.35372387101483e-03
  2.71963990389325e-03
  3.35902630363427e-10
  2.97778941615875e-04
  1.80465216495627e-04
  3.35902630363427e-10
 -1.05500633302294e-03
 -4.04224972866985e-03
  1.39138869434804e-01
 -6.45513808143345e-03
 -8.13274202936396e-03
 -2.41354890061616e-03
 -3.41043096480471e-01
 -3.86074421281934e-03
 -8.64664664700932e-04
  1.13015998040930e-03
 -3.41402479653313e-01
 -1.32380961715788e-03
 -1.01655482117123e-03
  5.20273347670864e-05
 -2.98871626619842e-01
 -2.38059307995042e-03
 -5.75075624503793e-04
 -1.02847609144166e-02
  7.22887296896878e-02
 -5.68447328330708e-03
  3.84886848412997e-03
 -5.74807786704791e-03
 -1.08453431733675e-01
 -5.21362026313152e-03
  2.27420766090002e-03
  1.38939956043386e-03
 -7.68419933052179e-02
 -3.25547048323975e-03
 -1.53591750946844e-04
 -1.70076947895527e-03
 -2.48929906368485e-01
 -3.21179897349901e-03
 -1.89431825872269e-03
 -8.82847590955963e-03
  7.00231305776347e-02
 -4.50855203921744e-03
  3.37885095081765e-03
 -3.84389934427852e-03
 -8.64009373517218e-02
 -4.14086746166205e-03
  5.40922641436510e-03
 -1.49291876902963e-03
 -6.41964138129370e-01
 -1.17941335727988e-03
 -3.12835392863460e-03
 -2.59813092019537e-03
 -7.05199762421732e-01
 -1.42009586676582e-03
  4.69674319812182e-03
 -1.31166144530875e-03
  9.22859873622231e-04
 -2.18665329336723e-03
  4.47491410104081e-03
 -1.47286490417597e-03
 -5.12870511119145e-02
 -3.91814206363996e-03
  2.33250234590752e-03
 -2.65391634975831e-03
 -6.43655643786393e-01
 -3.55744931426493e-03
  7.55113749790766e-03
  1.05869980342128e-03
 -7.02082084004718e-01
 -1.35121413017609e-03
  5.28121698494302e-03
 -7.60297180279607e-04
 -1.69394207951979e-01
 -2.33863815766627e-03
 -3.87638684829395e-04
 -1.21568918993182e-03
 -2.82833125256555e-01
 -3.53884785567831e-03
  7.67146948240421e-03
 -1.29214337207381e-03
 -3.72671310739049e-01
 -3.80405501422471e-03
 -1.77957109964093e-04
 -1.40504823248107e-03
 -4.96260920542489e-01
 -2.14553899164411e-03
 -2.29355476015835e-03
  1.16079076463621e-03
 -3.42681600741372e-01
 -2.67354901186377e-03
  2.18598880994734e-03
  2.27556530145195e-03
 -2.92623522604045e-01
 -1.10462193814654e-03
  3.50332976146076e-03
  1.09882553066904e-03
 -3.08301244443147e-01
 -3.30071566056011e-03
 -3.74220452154118e-03
  7.41901839377140e-04
 -5.04947728939744e-01
 -1.87199262791511e-03
  5.45549923842689e-03
  1.73503672716168e-03
 -7.57382587994898e-02
 -4.00198795662307e-03
  3.55167565022071e-03
  1.52689442550133e-03
 -1.29288679372799e-01
 -4.52360407622564e-03
  2.97415407795666e-04
  3.24306047630938e-03
 -5.36567823290336e-01
 -1.92434514471486e-03
  2.08544319719080e-03
  4.31199280548565e-03
 -2.26011293077126e-01
 -3.84163436947740e-03
 -8.36451776284909e-04
 -1.48203207875999e-03
  5.14251288202897e-02
 -3.85867555182244e-03
  4.44458325508251e-03
 -3.55822786961809e-04
 -9.60153712171328e-02
 -3.13447987457113e-03
  1.14282870309006e-03
  4.68108736114784e-04
 -5.96541399112307e-01
  6.00491014055821e-04
 -1.08521517445824e-03
  2.48791770027320e-03
 -3.93970086373992e-01
  2.54130415568851e-04
  2.10495957808526e-03
  0.00000000000000e+00
  8.67715153768107e-04
 -3.10978964457006e-03
  0.00000000000000e+00
  1.67062556358464e-03
  4.19822773368317e-03
  0.00000000000000e+00
  3.33117616839689e-03
 -1.46079327675413e-04
  0.00000000000000e+00
  2.04007131771785e-03
  4.66415097899529e-03
  0.00000000000000e+00
 -9.67989688123565e-04
  2.63062813134333e-04
  0.00000000000000e+00
  2.14910828271285e-03
 -2.18396897267596e-03
  0.00000000000000e+00
 -8.49699830751673e-04
  7.23214674247771e-04
  0.00000000000000e+00
 -1.16431313239805e-03
 -3.31533339684564e-05
  0.00000000000000e+00
  3.85493429050648e-04
  3.75371849901307e-03
  0.00000000000000e+00
  9.20597114955293e-04
  7.23177767684612e-04
  0.00000000000000e+00
 -1.37970188637964e-03
 -1.86365009098900e-03
  0.00000000000000e+00
 -1.72208439825813e-03
  4.71566579651341e-04
  0.00000000000000e+00
  7.64537287665572e-04
  1.18774299114556e-04
  0.00000000000000e+00
  1.31584893855590e-03
 -3.75561495779502e-03
  0.00000000000000e+00
  6.58777166088022e-03
 -4.31965105179757e-03
  0.00000000000000e+00
  3.98751962981223e-03
  9.14595193939242e-04
  0.00000000000000e+00
 -5.38511824958370e-04
 -4.72508556104850e-03
  0.00000000000000e+00
  2.14133968319398e-03
 -4.29395421742966e-03
  0.00000000000000e+00
  3.01236181760665e-03
 -5.43750426146507e-03
  0.00000000000000e+00
  2.05475035348240e-03
  0.00000000000000e+00
  1.84209106985562e-03
  3.06997386125883e-03
  0.00000000000000e+00
 -9.53133845715081e-04
  1.27487967100130e-03
  0.00000000000000e+00
  3.75543433368568e-04
  4.11966821515281e-03
  0.00000000000000e+00
  1.60192932475249e-03
  1.96961172243087e-03
  0.00000000000000e+00
 -3.44906436837474e-03
  4.17338120615882e-03
  0.00000000000000e+00
  1.16588040157420e-04
  3.28728102962509e-03
  0.00000000000000e+00
  4.21604824647200e-04
  9.28258136904498e-04
  0.00000000000000e+00
  8.44076313568875e-04
 -1.23616644669572e-03
  0.00000000000000e+00
  6.48701416643410e-04
  4.93513944430166e-04
  0.00000000000000e+00
  1.11190954629711e-03
  1.72123500118464e-04
  0.00000000000000e+00
 -8.24262286641124e-05
  9.96561962217909e-04
  0.00000000000000e+00
 -4.55813972587027e-04
 -3.04510542963200e-03
  0.00000000000000e+00
  1.38340350584482e-06
  2.93010259862116e-03
  0.00000000000000e+00
  3.37406126420340e-03
 -1.62463940533279e-03
  0.00000000000000e+00
 -7.05263411237441e-04
 -3.09823761580335e-03
  0.00000000000000e+00
 -3.78390826926724e-03
  4.29435031353406e-03
  0.00000000000000e+00
  9.19763579304692e-04
  2.81351098273531e-03
  0.00000000000000e+00
  3.43263988540151e-03
 -4.11336645510950e-04
  0.00000000000000e+00
 -3.27594024461785e-03
 -4.00485578785877e-03
  0.00000000000000e+00
  6.99835946335119e-03
 -1.17143537936161e-03
  0.00000000000000e+00
  4.77823438861601e-03
 -8.14251944251773e-05
  0.00000000000000e+00
  1.35939051844831e-03
  5.83157322453422e-03
  0.00000000000000e+00
 -5.38720725035654e-03
 -4.11503556445992e-03
  0.00000000000000e+00
  3.75998834356903e-04
  3.73495210190037e-05
  0.00000000000000e+00
  2.75439775724124e-03
 -2.29238124062193e-03
  0.00000000000000e+00
 -8.66603599147749e-04
 -4.25928293299074e-04
  0.00000000000000e+00
 -5.83704588421738e-03
  8.55805266654146e-04
  0.00000000000000e+00
 -8.44584009986070e-04
 -4.45859996722693e-04
  0.00000000000000e+00
 -3.74520969666267e-05
 -3.20847305760602e-04
  0.00000000000000e+00
 -7.50586556020020e-04
 -1.18780634378284e-03
  0.00000000000000e+00
 -4.16124362987886e-03
 -2.91964633112593e-03
  0.00000000000000e+00
 -2.15942953727635e-03
  1.27123485657909e-03
  0.00000000000000e+00
 -4.17179094012710e-03
  5.02148676556081e-04
  0.00000000000000e+00
  2.21118610272923e-03
  3.74981015673295e-03
  0.00000000000000e+00
  2.81423070152381e-04
 -2.38087196986082e-03
  0.00000000000000e+00
  2.42252884987028e-03
 -2.47777171789827e-03
  0.00000000000000e+00
  6.71564901021098e-04
 -1.22536801378103e-03
  0.00000000000000e+00
  2.34750730907380e-03
 -2.33914286630391e-03
  0.00000000000000e+00
  3.95261943152121e-04
 -9.22269079642377e-03
  0.00000000000000e+00
 -2.69217774191745e-03
 -7.58871551996923e-03
  0.00000000000000e+00
 -4.61315886326675e-03
  9.65722592091888e-03
  0.00000000000000e+00
  1.06454467629209e-03
  3.74195332404495e-03
  0.00000000000000e+00
  0.00000000000000e+00
  0.00000000000000e+00
  0.00000000000000e+00
  0.00000000000000e+00
  0.00000000000000e+00
  0.00000000000000e+00
  0.00000000000000e+00
  0.00000000000000e+00
  0.00000000000000e+00
  0.00000000000000e+00
  0.00000000000000e+00
  0.00000000000000e+00
  0.00000000000000e+00
  0.00000000000000e+00
  0.00000000000000e+00
  0.00000000000000e+00
  0.00000000000000e+00
  0.00000000000000e+00
  0.00000000000000e+00
  0.00000000000000e+00
  0.00000000000000e+00
  0.00000000000000e+00
  0.00000000000000e+00
  0.00000000000000e+00
  0.00000000000000e+00
  0.00000000000000e+00
  0.00000000000000e+00
  0.00000000000000e+00
  0.00000000000000e+00
  0.00000000000000e+00
  0.00000000000000e+00
  0.00000000000000e+00
  0.00000000000000e+00
  0.00000000000000e+00
  0.00000000000000e+00
  0.00000000000000e+00
  0.00000000000000e+00
  0.00000000000000e+00
  0.00000000000000e+00
  0.00000000000000e+00
  0.00000000000000e+00
  0.00000000000000e+00
  0.00000000000000e+00
  0.00000000000000e+00
  0.00000000000000e+00
  0.00000000000000e+00
  0.00000000000000e+00
  0.00000000000000e+00
  0.00000000000000e+00
  0.00000000000000e+00
  0.00000000000000e+00
  0.00000000000000e+00
  0.00000000000000e+00
 -2.72852882434152e-03
 -2.80580201465022e-03
  3.98984436721810e-03
 -9.28469227197507e-03
  2.79055321619539e-03
  2.39602670411732e-03
  1.34779513255317e-03
  2.15012678918610e-03
 -2.16177974501306e-03
  1.72155689390339e-03
  2.72207626598405e-04
  3.03670189936193e-03
  6.68240378881292e-03
  4.60713989429068e-03
  4.99410220184396e-03
 -8.31537410968762e-03
  3.58859687874531e-03
  5.71605526865243e-03
  2.04040855249068e-03
 -2.67522503937861e-03
  4.90708318443875e-03
  8.43421028227225e-03
  4.21682299779152e-04
 -1.39668691783250e-03
  1.28963884129014e-02
 -7.15881813201153e-04
  1.08322973711793e-04
  1.10132607508176e-02
 -1.73609140833156e-03
  2.86608056176741e-03
 -5.41659679507378e-03
 -2.16900366627897e-03
  7.87752733229769e-03
 -2.40838961330842e-03
 -7.58706585739603e-03
  2.78373421128389e-03
  1.13185417373527e-02
 -7.02753146808990e-03
  5.73376071957692e-04
  1.00854472897889e-02
  2.62156676371845e-03
 -2.45280670849216e-04
  3.49994628798354e-03
  5.14499702649748e-03
  1.60978690080434e-03
 -7.12804254751216e-03
  5.80085333312376e-03
  2.14186971346881e-03
 -5.91628970525558e-04
 -4.71392697787862e-03
 -1.80286783997081e-03
  1.62172669356012e-03
 -4.75988604858637e-03
 -2.05543172495904e-03
 -1.76730126814425e-03
  2.56551730183648e-03
 -5.36602086366336e-04
  1.30856484384579e-02
  2.73278736903274e-03
  1.84074978301221e-03
  7.28989731126273e-04
  7.97170682380011e-04
 -3.70683272443371e-03
  1.16169105361408e-02
  4.72637380812695e-03
 -7.58382916162381e-04
 -2.54818344706413e-03
  2.38120658795522e-03
  1.48837347541321e-03
  1.58099918930761e-03
  4.66421689898298e-03
 -3.79861089089801e-03
 -5.29753690691797e-03
 -4.07711495339351e-03
 -1.14813024940220e-03
 -1.80547706818973e-03
  1.96145428301894e-03
 -1.13759093771557e-03
  3.49792985831342e-04
  3.49362543560068e-03
 -5.85098068823700e-04
  6.61228971967744e-03
  1.50630027627659e-03
 -1.89268601004696e-03
  3.11820723999144e-03
 -6.84338297655540e-03
  2.08838987967014e-03
 -1.03313106043204e-02
 -3.82644480582019e-04
  4.24858908446262e-03
  3.50499306612252e-03
  1.97062407120278e-03
 -2.98615335323451e-03
  2.57147284376625e-03
  1.98497941104688e-03
 -1.85676684976258e-03
  8.41343125578358e-04
 -2.60306751444681e-03
  1.98989468509765e-03
  3.00877002612384e-03
 -1.53249243392516e-03
  1.63624634186162e-03
 -3.00904314287900e-03
  1.42711025952858e-04
 -2.53194916541368e-03
 -7.18329534022185e-05
  2.20390910569950e-03
 -3.11497096063209e-03
  2.11585412167282e-03
 -1.57158169915176e-03
  2.08375187052398e-03
  3.25199572282253e-03
 -2.30173068838765e-03
 -9.97278141288188e-04
  3.09297844787061e-03
  2.65648553149090e-03
 -8.81377463018971e-03
  5.65428066953649e-04
  3.39530977196722e-03
 -5.54839265901209e-03
  4.51937601518411e-03
  3.96913262199567e-04
 -1.24125290926005e-03
  2.74752980847120e-03
  5.52285057179477e-03
  1.27760432981121e-03
  9.57994862773095e-03
  1.22452055528086e-04
 -2.61102535831944e-03
  4.16138302107539e-03
  3.21512798517877e-03
  6.17572263488122e-03
  1.17350954094277e-03
  3.60642687233506e-03
  2.64235864553337e-03
 -2.62106545075960e-03
  2.21869241493945e-03
  3.29210156420340e-03
  5.31068935078938e-04
  1.78401600952024e-03
 -1.90475733270157e-03
 -3.19900297024603e-03
  1.22037962986895e-03
  2.49762052910021e-03
 -4.97808625868329e-03
 -1.78813317942252e-03
 -5.12688324698012e-03
  3.92544873550306e-03
  1.70898325655931e-04
 -4.74955920840087e-03
 -3.05981493605284e-03
 -1.27831549282880e-03
  4.48097201650372e-04
 -2.54160763105744e-03
  2.04502723476174e-03
  3.42426432367961e-03
  8.75668692970438e-03
 -1.30439777150527e-03
 -2.71359006494800e-03
  1.91675732987640e-03
 -4.45867590260777e-03
 -8.47809914048440e-03
  1.06144727373193e-02
 -7.75371917546225e-03
  2.23675429070825e-03
 -4.55588739395412e-03
 -7.36753199927553e-03
 -4.63907015462229e-03
  1.60662548634827e-02
 -6.48950874828430e-03
 -4.38032425112214e-06
  1.58494322249207e-03
  5.25004375418225e-03
  4.34317935578878e-03
  4.89127407591128e-03
 -6.77726710237491e-03
  7.61488136681665e-03
 -4.16959042801797e-04
 -4.52699441756689e-03
  4.20914095851119e-03
 -9.47251594586594e-03
 -1.64080763656977e-03
 -1.58248379597715e-02
  4.79726776700631e-04
 -7.31450597640255e-03
 -8.07005054538796e-03
  8.58614794086963e-03
  7.37596260066346e-04
 -3.00886310485772e-03
 -7.66294029284329e-03
 -1.38079120259883e-03
  1.52152090170666e-03
  1.71713568241536e-03
  1.00374379273600e-03
 -5.23401645512092e-03
  2.17177487654687e-03
 -1.71736031776570e-03
 -2.58595174683783e-03
  5.68070230462005e-03
 -5.74793959960688e-03
  4.17456576866231e-03
 -4.92558346133915e-03
 -7.86802429420742e-04
  2.29809137425149e-03
  6.30092398829708e-03
 -2.21387409737167e-03
 -1.14883595326232e-02
  6.18888550959272e-03
 -1.34333310760886e-03
 -7.90051772135557e-03
  5.10501380847890e-03
  3.42536345373752e-04
 -7.09324039702462e-03
 -1.68424771489332e-03
  1.52598560094304e-03
 -5.64596125671593e-03
 -1.52663913350253e-02
  2.66877260765406e-03
 -8.87754608140551e-04
 -1.99353961127377e-02
  1.04520519443630e-03
 -1.86998123129766e-03
 -1.87476198407495e-03
 -3.11183397844625e-03
 -2.42654799520899e-03
  8.92832385218829e-03
 -1.17420733602349e-03
  5.50637277322126e-03
 -5.08486970096272e-03
 -1.27259317506360e-02
  1.57964428688617e-02
 -6.06045087962159e-03
 -2.89724975555059e-03
  6.91346088149158e-03
 -3.08682091990260e-03
  8.94413867960024e-03
 -1.96038379270935e-03
 -3.47281416070812e-03
  1.15924657266478e-02
 -4.07480498389885e-03
 -3.37221099917396e-03
 -8.67702878400318e-03
 -6.22387168576510e-03
 -8.70813597865007e-03
 -4.25518271091687e-03
 -7.15431003868273e-04
 -8.25247790596586e-03
  4.02210522833534e-03
  5.26391597004169e-03
  5.21829942668325e-03
  2.89818751426284e-03
  6.61252206231047e-04
 -9.82183795653785e-04
  1.52035477008159e-03
  3.35902630363427e-10
  1.10226135332930e-03
  1.72553143275268e-03
  1.58511079435082e-03
  3.35902630363427e-10
  3.76313142900821e-03
  3.93479216110275e-03
  1.45803361716943e-03
  3.35902630363427e-10
 -1.98954123381353e-05
 -5.76702213937130e-04
  7.53078589492813e-04
  3.35902630363427e-10
  8.25329204149401e-03
 -2.66557321438029e-03
  1.37293785835956e-03
  3.35902630363427e-10
 -1.98954173880371e-05
  1.74951243435854e-03
  0.00000000000000e+00
  5.30167282762915e-03
  7.20686836904937e-04
  3.03312579466905e-03
  0.00000000000000e+00
  8.64517229394643e-02
  1.05173997982724e-06
 -1.37458703436764e-03
  0.00000000000000e+00
  4.61474232238171e-02
  1.05174622839714e-06
  4.41323276933440e-03
  0.00000000000000e+00
  5.79972976426791e-02
  1.26687128992457e-03
 -3.74183194872820e-03
  0.00000000000000e+00
  3.29433416583775e-03
  5.72739757851391e-04
  5.41764553268216e-04
  0.00000000000000e+00
  3.35902630363427e-10
  3.13964357578402e-03
  0.00000000000000e+00
  3.35902630363427e-10
 -2.07284366109783e-03
  0.00000000000000e+00
  3.35902630363427e-10
  3.44718634535898e-03
  0.00000000000000e+00
  3.35902630363427e-10
 -4.67707361925059e-03
  0.00000000000000e+00
  3.35902630363427e-10
  0.00000000000000e+00
  0.00000000000000e+00
  2.46806564834960e-03
  0.00000000000000e+00
  0.00000000000000e+00
 -3.73490815691723e-03
  0.00000000000000e+00
  0.00000000000000e+00
  3.38148752033343e-03
  0.00000000000000e+00
  0.00000000000000e+00
 -2.58093767152598e-05
  0.00000000000000e+00
  0.00000000000000e+00
  1.73826828440971e-03
  0.00000000000000e+00
  0.00000000000000e+00
  4.98886462813128e-04
  0.00000000000000e+00
 -3.55649495584971e-04
 -9.30562269191734e-04
  1.09484849353376e-03
  0.00000000000000e+00
 -1.50915343188692e-03
  8.92110488183050e-01
 -1.65979945434313e-05
  0.00000000000000e+00
 -2.49920304824291e-03
  4.84349298074592e-03
  5.93408168509948e-03
  0.00000000000000e+00
 -1.03639121716983e-03
  5.46417433688162e-01
 -8.91262119822681e-06
  0.00000000000000e+00
  3.95083176085647e-03
 -2.71096404683056e-03
  6.52609941421489e-03
  0.00000000000000e+00
  5.92610283818223e-04
  6.17292264496345e-01
 -2.87606750636337e-06
  0.00000000000000e+00
  5.20331398611243e-04
  1.10909570205487e-01
  7.12682013833015e-04
  0.00000000000000e+00
 -6.82470207027675e-04
  1.09803488902599e-03
  4.59940011114676e-03
  0.00000000000000e+00
  8.42169185543688e-04
  1.67111214818439e-03
  1.60007897398579e-03
  0.00000000000000e+00
 -5.59632306245329e-03
  3.35902630363427e-10
  0.00000000000000e+00
  2.85474938445139e-03
  3.35902630363427e-10
  0.00000000000000e+00
 -1.15631529134071e-04
  3.35902630363427e-10
  0.00000000000000e+00
 -4.95345634564512e-04
  3.35902630363427e-10
  0.00000000000000e+00
 -2.06848109834733e-03
  3.35902630363427e-10
  0.00000000000000e+00
 -5.25329025917578e-05
  3.35902630363427e-10
  0.00000000000000e+00
  0.00000000000000e+00
  7.08113795838149e-04
  0.00000000000000e+00
  0.00000000000000e+00
 -1.79604897630336e-03
  0.00000000000000e+00
  0.00000000000000e+00
 -5.35758983509384e-04
  0.00000000000000e+00
  0.00000000000000e+00
  1.00294936634614e-03
  0.00000000000000e+00
  0.00000000000000e+00
  2.87163044571848e-05
  0.00000000000000e+00
  0.00000000000000e+00
 -1.29258295450118e-03
  0.00000000000000e+00
  1.72869374433712e-03
  1.11033761799817e-01
 -1.92540510743224e-05
  0.00000000000000e+00
  3.52210207462745e-03
  5.48572180565030e-04
  5.13749924912578e-03
  0.00000000000000e+00
  3.77291921422725e-03
  8.81029719761271e-02
  6.78011958583570e-04
  0.00000000000000e+00
 -1.10320771536479e-04
  1.87850601316202e-04
  5.20592914204037e-03
  0.00000000000000e+00
 -1.28950948662479e-03
  1.09693016429229e-01
 -5.58296648226119e-06
  0.00000000000000e+00
  1.59313692248281e-04
  6.36316944807786e-04
  7.37902945298578e-03
  0.00000000000000e+00
  1.72005937029539e-03
  5.48714125898829e-01
 -8.64643770864934e-07
  0.00000000000000e+00
  9.06713627536748e-04
  7.80664293692033e-04
  1.11733443688546e-03
  0.00000000000000e+00
 -9.52504399987351e-04
  1.95879083720344e-03
  8.50168424416955e-04
  0.00000000000000e+00
  1.45705767354636e-03
  3.35902630363427e-10
  0.00000000000000e+00
  3.78147162440558e-03
  3.35902630363427e-10
  0.00000000000000e+00
  1.65183175615732e-03
  3.35902630363427e-10
  0.00000000000000e+00
 -1.02613763124271e-03
  3.35902630363427e-10
  0.00000000000000e+00
 -2.13906030267218e-03
  3.35902630363427e-10
  0.00000000000000e+00
 -1.12351250116446e-03
  3.35902630363427e-10
  0.00000000000000e+00
  0.00000000000000e+00
  0.00000000000000e+00
  0.00000000000000e+00
  0.00000000000000e+00
  0.00000000000000e+00
  0.00000000000000e+00
  0.00000000000000e+00
  0.00000000000000e+00
  0.00000000000000e+00
  0.00000000000000e+00
  0.00000000000000e+00
  0.00000000000000e+00
  0.00000000000000e+00
  0.00000000000000e+00
  0.00000000000000e+00
  0.00000000000000e+00
  0.00000000000000e+00
  0.00000000000000e+00
  0.00000000000000e+00
  0.00000000000000e+00
  0.00000000000000e+00
  0.00000000000000e+00
  0.00000000000000e+00
  0.00000000000000e+00
  0.00000000000000e+00
  0.00000000000000e+00
  0.00000000000000e+00
  0.00000000000000e+00
  0.00000000000000e+00
  0.00000000000000e+00
  0.00000000000000e+00
  0.00000000000000e+00
  0.00000000000000e+00
  0.00000000000000e+00
  0.00000000000000e+00
  0.00000000000000e+00
  0.00000000000000e+00
  0.00000000000000e+00
  0.00000000000000e+00
  0.00000000000000e+00
  0.00000000000000e+00
  0.00000000000000e+00
  0.00000000000000e+00
  0.00000000000000e+00
  0.00000000000000e+00
  0.00000000000000e+00
  0.00000000000000e+00
  0.00000000000000e+00
  0.00000000000000e+00
  0.00000000000000e+00
  0.00000000000000e+00
  0.00000000000000e+00
  0.00000000000000e+00
  0.00000000000000e+00
  0.00000000000000e+00
  0.00000000000000e+00
  0.00000000000000e+00
  0.00000000000000e+00
  0.00000000000000e+00
  0.00000000000000e+00
  0.00000000000000e+00
  0.00000000000000e+00
  0.00000000000000e+00
  0.00000000000000e+00
  0.00000000000000e+00
  0.00000000000000e+00
  0.00000000000000e+00
  0.00000000000000e+00
  0.00000000000000e+00
  0.00000000000000e+00
  0.00000000000000e+00
  0.00000000000000e+00
  0.00000000000000e+00
  0.00000000000000e+00
  0.00000000000000e+00
  0.00000000000000e+00
  0.00000000000000e+00
  0.00000000000000e+00
  0.00000000000000e+00
  0.00000000000000e+00
  0.00000000000000e+00
  0.00000000000000e+00
  0.00000000000000e+00
  0.00000000000000e+00
  0.00000000000000e+00
  0.00000000000000e+00
  0.00000000000000e+00
  0.00000000000000e+00
  0.00000000000000e+00
  0.00000000000000e+00
  0.00000000000000e+00
  0.00000000000000e+00
  0.00000000000000e+00
  0.00000000000000e+00
  0.00000000000000e+00
  0.00000000000000e+00
  0.00000000000000e+00
  0.00000000000000e+00
  0.00000000000000e+00
  0.00000000000000e+00
  0.00000000000000e+00
  0.00000000000000e+00
  0.00000000000000e+00
  0.00000000000000e+00
  0.00000000000000e+00
  0.00000000000000e+00
  0.00000000000000e+00
  0.00000000000000e+00
  0.00000000000000e+00
  0.00000000000000e+00
  0.00000000000000e+00
  0.00000000000000e+00
  0.00000000000000e+00
  0.00000000000000e+00
  0.00000000000000e+00
  0.00000000000000e+00
  0.00000000000000e+00
  0.00000000000000e+00
  0.00000000000000e+00
  0.00000000000000e+00
  0.00000000000000e+00
  0.00000000000000e+00
  0.00000000000000e+00
  0.00000000000000e+00
  0.00000000000000e+00
  0.00000000000000e+00
  0.00000000000000e+00
  0.00000000000000e+00
  0.00000000000000e+00
  0.00000000000000e+00
  0.00000000000000e+00
  0.00000000000000e+00
  0.00000000000000e+00
  0.00000000000000e+00
  0.00000000000000e+00
  0.00000000000000e+00
  0.00000000000000e+00
  0.00000000000000e+00
  0.00000000000000e+00
  0.00000000000000e+00
  0.00000000000000e+00
  0.00000000000000e+00
  0.00000000000000e+00
  0.00000000000000e+00
  0.00000000000000e+00
  0.00000000000000e+00
  0.00000000000000e+00
  0.00000000000000e+00
  0.00000000000000e+00
  0.00000000000000e+00
  0.00000000000000e+00
  0.00000000000000e+00
  0.00000000000000e+00
  0.00000000000000e+00
  0.00000000000000e+00
 -1.02728266530343e-03
  1.91594383467685e-03
  3.35902630363427e-10
  2.83926636674541e-03
 -5.05353318653148e-03
  3.35902630363427e-10
  4.48125467403780e-03
 -8.39198008541156e-03
  3.35902630363427e-10
  7.72468428141364e-04
 -7.63934854408213e-03
  3.35902630363427e-10
  3.10969904074148e-03
  2.06146303942141e-03
  3.35902630363427e-10
  3.00561448832900e-03
  1.06248896055804e-02
  3.35902630363427e-10
 -4.29538107112101e-03
  9.11137436129332e-03
  3.35902630363427e-10
  7.52170743042483e-03
  3.23432144553033e-03
  3.35902630363427e-10
 -6.83937676159950e-03
  2.78701977738363e-03
  3.35902630363427e-10
 -6.62937598981493e-03
 -3.85590939855479e-03
  3.35902630363427e-10
 -7.49311690662106e-04
 -3.99017330119744e-03
  3.35902630363427e-10
 -1.78312121830121e-03
 -6.73382183012644e-04
  3.35902630363427e-10
 -6.88695019626396e-03
 -1.11049298774061e-03
  3.35902630363427e-10
  7.10940525408064e-03
  1.82615246640141e-04
  3.35902630363427e-10
  4.66273025050064e-03
 -8.88136231956999e-04
  3.35902630363427e-10
 -4.71933902284694e-03
 -1.24249177970299e-04
  3.35902630363427e-10
 -4.39552099373230e-03
 -4.79071146800050e-03
  3.35902630363427e-10
  1.05264603732255e-02
 -7.65915068570726e-03
  3.35902630363427e-10
 -4.73427252891885e-03
 -8.46142057885288e-03
  3.35902630363427e-10
 -4.15410314778796e-03
 -4.03101578537954e-03
  3.35902630363427e-10
 -3.11260941863454e-03
  3.03708264964159e-03
  3.35902630363427e-10
  1.64622923418141e-03
  3.09199269029292e-03
  3.35902630363427e-10
 -5.50264246580087e-03
  2.97383838157481e-03
  3.35902630363427e-10
 -2.89608730636499e-03
  1.40776724950588e-03
  3.35902630363427e-10
 -4.49630092239164e-03
 -2.14743801022951e-03
  3.35902630363427e-10
  1.35028302328528e-03
 -2.16887704789222e-03
  3.35902630363427e-10
  2.35777610532327e-04
 -2.45066248012491e-03
  3.35902630363427e-10
 -2.89907298252436e-03
 -1.18848192788269e-03
  3.35902630363427e-10
  1.40454270003869e-03
 -1.64157171060123e-03
  3.35902630363427e-10
 -6.56425145633291e-04
  1.23728721680687e-03
  3.35902630363427e-10
 -8.72706254126948e-03
  1.78563590567310e-03
  3.35902630363427e-10
  4.61322527573769e-03
  1.54027224035926e-03
  3.35902630363427e-10
 -1.67877784200638e-03
 -1.48832755231774e-03
  3.35902630363427e-10
  2.97215320586109e-03
 -1.47026963134970e-04
  3.35902630363427e-10
 -3.71091136713739e-03
  1.53328926903225e-03
  3.35902630363427e-10
 -2.46808144826736e-03
  2.87502267593764e-03
  3.35902630363427e-10
  1.74556649812128e-03
  5.14906490420540e-04
  3.35902630363427e-10
 -4.77928900406381e-03
  1.18445694705593e-04
  3.35902630363427e-10
 -5.76734396495431e-04
  2.62769485349423e-03
  3.35902630363427e-10
 -1.86876503545993e-03
  7.09346942072286e-05
  3.35902630363427e-10
 -1.06394365434079e-03
 -1.27424705868826e-03
  3.35902630363427e-10
 -2.29142866513693e-03
 -1.91098229782132e-03
  3.35902630363427e-10
 -9.45579170834260e-04
  1.88299303263805e-03
  3.35902630363427e-10
 -1.55230811438301e-03
 -5.86232055484701e-04
  3.35902630363427e-10
 -2.03393558835457e-04
 -8.47455092066486e-04
  3.35902630363427e-10
  3.42784612011644e-03
 -1.91364228074505e-04
  3.35902630363427e-10
  2.55951962777862e-04
  1.72286863557854e-03
  3.35902630363427e-10
 -3.99624323800054e-03
  7.38460414545388e-04
  3.35902630363427e-10
 -3.67711733088808e-04
  3.61635623692892e-04
  3.35902630363427e-10
 -7.35240721353499e-03
  2.94865812670807e-03
  2.67290453409307e-02
  7.37784923527785e-03
  3.36606505267575e-03
 -1.06072267447181e-03
  3.43406308124459e-01
  6.91587147504243e-03
 -2.62482628991909e-03
 -1.59121127963523e-04
  3.75137662639928e-01
  2.81021074901383e-03
 -1.43531662763890e-03
 -7.32988239395891e-04
 -4.40289213562935e-03
  4.87328758286510e-03
 -3.92490714105839e-03
  6.10919149957722e-03
 -1.11055154927947e-03
  8.55451284299428e-03
  3.21797668979598e-03
 -1.12743130894736e-03
  5.45184366799241e-01
  2.88455533851697e-03
 -4.43820612921396e-03
  1.55369342939218e-03
  4.49018846579205e-01
  1.28941319257416e-03
 -5.98740146030900e-03
 -2.61659346506104e-03
  7.44638510507036e-01
  1.28941320879238e-03
 -3.42561033342874e-04
  9.10570186992981e-03
  2.60427743897397e-02
  4.52011804590767e-03
  3.06317755216694e-03
  4.54151761136770e-03
  6.90066966560265e-03
  1.08587204674473e-02
 -2.05056884140471e-03
  4.94843335143462e-03
 -3.07833263827810e-04
  8.10156931536544e-03
 -1.90183349439036e-03
  8.36530585599771e-04
  4.44728931639446e-03
  7.64240082726302e-03
 -8.39358283427881e-04
  6.04226050176980e-04
 -5.10143324119759e-03
  6.11760573568657e-03
  1.54667989497219e-03
 -8.55193244869014e-05
  4.91456741039323e-01
  7.46783859494703e-04
  2.01664539030547e-03
  1.72601627665116e-03
  1.85519490483395e+00
 -1.78251861195527e-05
 -2.37583483553787e-04
 -2.18265568732082e-03
  1.88871439470112e+00
 -1.78252258645132e-05
 -9.36315781952234e-04
 -1.36097053911051e-03
  1.75082749091676e-01
  1.19110949088924e-04
 -1.38478577030771e-03
 -1.46243210874871e-03
  7.00240048257672e-04
  1.08355052153469e-02
  2.51332450904388e-03
  3.64639468477260e-03
 -1.63323623398903e-03
  1.26658134832478e-02
 -1.30234527843165e-03
  3.22069030529867e-03
 -3.01092016635067e-04
  7.79008974545938e-03
  2.70848785435512e-04
 -2.90256839893389e-03
  3.28613466872327e-01
  5.97930882341673e-03
  1.02089524236462e-03
  3.73975887981891e-04
  9.15430528897207e-01
 -5.75219133853576e-06
  1.27581545456777e-03
  6.00777069931340e-05
  1.22444116563219e+00
 -5.75216807688941e-06
  3.91702371077089e-03
  1.30677514123375e-03
  1.39995087188822e+00
 -5.75214260090835e-06
 -2.61352442766052e-03
 -1.79220639984849e-03
  5.12427660743566e-01
  1.42557526102347e-03
  4.09008627446399e-03
 -2.78249480742454e-03
  4.06465812601361e-03
  4.89586619844263e-03
 -4.07416334889046e-03
 -4.07708359590253e-03
  4.08206773827773e-03
  1.20036722558310e-02
  1.80236287540749e-03
 -2.03304163772319e-03
  3.10819444736937e-03
  8.54951605285768e-03
 -1.93476904374143e-03
 -2.93188593461450e-05
  2.23664852374482e-03
  9.26053774857453e-03
 -1.68832476806536e-03
 -1.53464885906950e-03
  3.57371500464661e-01
  6.71926277987024e-03
 -3.50521870876331e-04
 -4.52221926606025e-04
  1.71122629412148e+00
  8.54350852886196e-07
  4.78254612021236e-03
 -2.37609405650331e-03
  9.80349842005936e-01
  2.28578551632947e-03
  1.62168422550115e-03
  3.61553672677342e-03
  3.54410567616345e-03
  1.14083310695966e-03
  3.24692503571800e-03
  2.10146926772640e-03
  3.44924248376988e-01
  5.69145095484236e-04
 -6.68699567552587e-03
 -2.51278878907090e-03
  1.24395854780689e-01
  1.07098682073405e-03
  1.78574406975542e-03
 -2.96308905752355e-03
  8.07417200231214e-02
  5.34102702302033e-03
 -3.19068708280266e-03
  6.86800268037262e-03
  2.54299931963792e-02
  4.23274956652423e-03
  1.61614773367177e-02
 -3.37479868881187e-04
 -2.27950514892182e-03
  1.17369116583556e-02
 -1.44872807419867e-03
  2.46573740600476e-03
  1.08069339488577e+00
 -3.59792574134432e-05
 -3.63986015168472e-03
  1.07078965509117e-03
  1.87438416287432e-03
  6.66304300903377e-03
  1.42767599649286e-03
 -1.94280574330780e-03
  8.50385034635752e-01
  5.89603716470276e-04
  9.40823537666484e-03
  9.69879342815964e-03
  3.75635433788337e-03
  4.98173155119961e-03
 -2.20916818331038e-03
  9.11174440995303e-03
  1.56891389081675e-03
  7.80580264691784e-03
 -6.30766262945382e-03
  6.80794963650903e-03
  3.43017385211736e-01
  3.90012011787381e-03
 -7.01095867565856e-05
  2.85402210798478e-03
 -1.38009892166700e-03
  4.47217280535889e-03
 -5.70672939421655e-03
  1.73509164625370e-03
  6.59082764654654e-01
  3.56722074824059e-03
  1.21482844380889e-03
  1.83717129609557e-03
  7.26316725732616e-03
  4.97479159105085e-03
 -1.54778340904373e-03
 -2.67062614996184e-04
  5.10552366863419e-03
  5.51440736094375e-03
 -7.12416312278536e-03
 -2.43654474175748e-03
  2.80762403305807e-01
  3.83708929884714e-03
 -4.46759814847600e-03
  3.20445268978750e-04
  1.31816509914661e+00
  1.51204753845708e-03
  3.43292222803522e-03
 -2.56031362090151e-04
  3.85938386616327e-01
  4.31845382254002e-03
 -3.46002712478966e-03
 -3.56779554382058e-03
  6.40703530972736e-03
  4.26430760985805e-03
 -2.23337168306491e-03
 -2.33220408321614e-03
  7.35988616555465e-02
  8.80423435560389e-04
 -1.05596160787327e-02
  7.80799236885329e-04
  2.77250325181784e-01
  9.36173443088142e-03
  2.28804447522728e-03
  2.03524051713757e-04
  1.30618669564566e+00
  6.46228712005153e-04
 -1.05089258382361e-02
  3.79638146696082e-03
  3.84204086141343e-01
  4.94926554928293e-03
 -1.59629940149530e-02
  4.34699697161504e-05
  2.29362058882506e-03
  6.24561243958549e-03
  6.41047991715713e-03
  6.38241703766637e-04
  4.95702167624681e-01
  1.21866783447567e-04
 -2.10721759102184e-03
  2.75559593273045e-03
  2.58808077372185e-01
  8.89907569288961e-03
  3.10181809170763e-03
  2.87365595788185e-03
  6.86054221148353e-01
  6.52281130482398e-04
 -1.34327634690263e-02
  3.64913144838669e-03
  5.12805441917672e-01
  5.50237721595943e-03
  3.78693014605822e-03
  8.74189646607171e-04
  3.54825271107308e-01
  5.59150208447894e-03
  3.24031752285010e-03
  4.39361846843679e-04
  4.96328581040270e-01
  1.42362053962903e-03
 -5.07688640978369e-03
  2.34634033890797e-03
  2.61469273038458e-01
  2.45365039869426e-03
  3.98667751387621e-04
  1.25720303963809e-03
  5.01463150990807e-01
  5.57245112849146e-03
  6.41401221206628e-03
  5.36076018304726e-04
  7.64460385419816e-01
  7.09862682657487e-04
 -5.24768775042748e-03
 -5.76652046960581e-05
  5.38893345978905e-01
  8.76330664915734e-04
  2.60632410912197e-04
  1.05849261108581e-03
  1.39256477418592e-03
  1.10333235765086e-02
 -7.09339120107351e-03
 -1.34848942270128e-03
  6.46713443882527e-01
  1.91956291876081e-03
  2.90540041723477e-03
 -1.68309033673586e-03
  7.08949066478316e-01
  4.80952134740869e-03
 -4.62321839896897e-03
 -1.78664467294044e-03
  1.08872057349562e-03
  5.47705491833412e-03
 -7.48221763904121e-03
  2.36117758445487e-04
  4.10871874839973e-04
  1.76577052306843e-03
  1.50346247823799e-03
 -3.27010541615882e-03
  6.67846863842801e-04
  6.98754564951760e-03
 -7.35616338800426e-03
  2.85639472351140e-03
  4.04781860564163e-01
  1.45650501088141e-03
  6.22401374216900e-03
  2.85240492074797e-04
  1.05395456918652e+00
  1.50997833231182e-06
 -4.31624616939584e-03
 -1.01370050452315e-03
  8.67374650558703e-02
  3.00607622520006e-03
 -1.60240918200810e-05
  0.00000000000000e+00
  1.90850786083219e-03
 -3.35934146491740e-03
  0.00000000000000e+00
  1.75258353774388e-03
  3.33440426613373e-03
  0.00000000000000e+00
 -5.13626517642710e-03
  6.06073842808396e-03
  0.00000000000000e+00
 -2.31738339003190e-03
  1.25888570483982e-03
  0.00000000000000e+00
 -8.85404022708713e-04
 -8.21975770434017e-04
  0.00000000000000e+00
 -2.74733045839387e-03
 -1.59189195243069e-03
  0.00000000000000e+00
  2.88757725631729e-04
 -3.16468309566584e-04
  0.00000000000000e+00
 -6.11094704491791e-04
 -1.76038546515033e-03
  0.00000000000000e+00
  6.34757979656314e-05
  4.80554836318962e-03
  0.00000000000000e+00
 -3.72625245114486e-03
 -6.12084674322844e-04
  0.00000000000000e+00
  9.17399566751230e-04
  8.62377188702128e-04
  0.00000000000000e+00
  2.02922202461272e-03
  4.73557331381787e-03
  0.00000000000000e+00
  3.55897750735612e-03
 -4.08085501404495e-03
  0.00000000000000e+00
  1.60514800941127e-03
  2.64031883984971e-03
  0.00000000000000e+00
 -2.58325166215820e-04
 -2.38481420059151e-03
  0.00000000000000e+00
  2.73351809821956e-03
  1.11442197362447e-03
  0.00000000000000e+00
 -2.41474840175235e-03
 -5.92907117867825e-03
  0.00000000000000e+00
 -3.14680447375025e-03
 -1.26504991300179e-03
  0.00000000000000e+00
 -1.29074453273007e-02
  4.74078807724454e-03
  0.00000000000000e+00
 -9.85081587311075e-03
  3.35153116761428e-04
  0.00000000000000e+00
  2.63903150677706e-03
 -5.82334682035209e-04
  0.00000000000000e+00
  2.30785038184370e-04
  1.60539272481648e-03
  0.00000000000000e+00
  5.87938041097347e-03
 -7.56611046066605e-04
  0.00000000000000e+00
  8.57965348268002e-03
  2.93060802985688e-03
  0.00000000000000e+00
 -1.24033839808816e-03
  5.66055704018550e-03
  0.00000000000000e+00
 -3.78140390079081e-04
 -1.08225699395015e-02
  0.00000000000000e+00
 -7.34270356750704e-04
 -1.72533701761513e-05
  0.00000000000000e+00
 -6.23487726672202e-04
  1.36636610491226e-03
  0.00000000000000e+00
 -3.79549338520727e-03
  3.83949459250630e-03
  0.00000000000000e+00
  1.83797760179641e-03
 -7.26420596099477e-03
  0.00000000000000e+00
 -2.17102612729377e-03
 -7.79627855452292e-04
  0.00000000000000e+00
  1.46625801772512e-03
  4.46637557398188e-03
  0.00000000000000e+00
  1.58369222465153e-03
 -2.24505281247880e-04
  0.00000000000000e+00
  2.29643258566078e-03
  2.08904002920759e-03
  0.00000000000000e+00
  6.84776465314893e-04
 -5.37061454020978e-03
  0.00000000000000e+00
  2.26292578127414e-03
 -5.30546668596201e-03
  0.00000000000000e+00
 -3.84269730044345e-04
  4.01979386642947e-03
  0.00000000000000e+00
  3.17005730771589e-04
 -2.61300933569218e-03
  0.00000000000000e+00
 -1.49278941794059e-03
 -5.79938991382592e-04
  0.00000000000000e+00
  2.15128219103430e-03
 -4.96568534827746e-03
  0.00000000000000e+00
  1.03406370145920e-03
  9.53771040301552e-03
  0.00000000000000e+00
  6.69522478121052e-04
  1.84726584563837e-03
  0.00000000000000e+00
 -2.36915081990922e-03
  1.39896352517826e-03
  0.00000000000000e+00
  2.18640713477484e-04
 -5.80260654755725e-03
  0.00000000000000e+00
  2.67113487008772e-04
  8.10246402347584e-03
  0.00000000000000e+00
 -3.12642891112113e-04
  2.62219535655246e-04
  0.00000000000000e+00
  7.83675268159448e-04
  3.49277331344919e-03
  0.00000000000000e+00
  8.83549268849918e-04
  8.20849653952415e-03
  0.00000000000000e+00
 -8.96490696361850e-04
  0.00000000000000e+00
 -1.72649689745469e-03
  4.48896540738982e-04
  0.00000000000000e+00
  2.27316618902578e-03
 -4.48800092770339e-03
  0.00000000000000e+00
  6.63931101797702e-05
 -2.42003378336709e-03
  0.00000000000000e+00
  1.12645555807014e-03
 -2.74347163384703e-03
  0.00000000000000e+00
  6.11473750630447e-04
 -2.84277694145985e-03
  0.00000000000000e+00
 -1.04009168637779e-03
 -5.64218852202126e-04
  0.00000000000000e+00
 -1.40609011499067e-03
 -5.31875756356605e-03
  0.00000000000000e+00
  4.30173597599908e-03
 -1.57238794622235e-03
  0.00000000000000e+00
  1.26460427544807e-03
 -3.11166600302638e-03
  0.00000000000000e+00
 -3.20157014933578e-03
  1.40526218691850e-03
  0.00000000000000e+00
 -1.39797491291992e-03
 -1.85652647007642e-03
  0.00000000000000e+00
 -3.44072617888256e-03
 -6.71243060651580e-04
  0.00000000000000e+00
 -6.07594850936103e-04
 -7.02693086948804e-03
  0.00000000000000e+00
  1.38801711759916e-03
  2.13607159703914e-03
  0.00000000000000e+00
 -5.72212218577659e-03
 -4.47828619360267e-04
  0.00000000000000e+00
  3.37834094269014e-03
  2.27209764344556e-03
  0.00000000000000e+00
  3.47799619457658e-03
 -5.34561870849980e-03
  0.00000000000000e+00
 -5.27357165494332e-03
 -1.06632707466826e-03
  0.00000000000000e+00
  2.31057879807587e-03
  4.90219599710775e-04
  0.00000000000000e+00
 -1.26933024774040e-03
  1.75380900762137e-03
  0.00000000000000e+00
  4.32531875295158e-04
  2.00284085457198e-03
  0.00000000000000e+00
  6.51871404287469e-04
 -1.41249640220806e-03
  0.00000000000000e+00
  1.04044035955233e-04
 -1.07001430443374e-03
  0.00000000000000e+00
  1.82749608852376e-03
  5.55525956288303e-04
  0.00000000000000e+00
  1.23700399725103e-03
 -9.92962314951613e-04
  0.00000000000000e+00
  1.52843596673283e-03
  1.43566637984564e-03
  0.00000000000000e+00
  6.76694370696050e-04
 -1.39162925469506e-03
  0.00000000000000e+00
  4.12847171808923e-03
 -5.54976370704631e-03
  0.00000000000000e+00
  2.32249880338470e-03
  4.91886902876093e-04
  0.00000000000000e+00
 -1.49168115946327e-03
  4.20557574798043e-03
  0.00000000000000e+00
  7.78259149478353e-03
  3.52101769672107e-03
  0.00000000000000e+00
 -1.04409269550529e-03
  4.38835324157047e-03
  0.00000000000000e+00
  6.40761324015614e-03
  1.78196083016076e-03
  0.00000000000000e+00
  9.81434762721474e-04
 -1.39329451485061e-03
  0.00000000000000e+00
 -3.18271082840801e-03
 -4.69543309282983e-03
  0.00000000000000e+00
  4.09307701334614e-03
 -5.00742149749614e-04
  0.00000000000000e+00
  7.01219886504199e-04
 -1.12508153921423e-03
  0.00000000000000e+00
  1.04884554214204e-04
 -1.41336702967902e-03
  0.00000000000000e+00
  9.03848511399905e-04
 -2.69673118323884e-03
  0.00000000000000e+00
  3.54868536475833e-03
  2.05862333677088e-03
  0.00000000000000e+00
 -3.67878245874820e-03
  2.70044027025184e-03
  0.00000000000000e+00
 -2.01452273850807e-03
 -3.75303537341841e-03
  0.00000000000000e+00
 -3.98711833183163e-04
  4.33554910589657e-03
  0.00000000000000e+00
 -4.84176009601959e-03
 -4.86473943843351e-03
  0.00000000000000e+00
 -5.02792638679253e-03
 -4.79746391722913e-03
  0.00000000000000e+00
 -7.76825723445065e-04
  1.77115063620319e-03
  0.00000000000000e+00
 -5.92341289452187e-03
  4.53279078059949e-03
  0.00000000000000e+00
 -2.00627092551138e-03
 -2.92383405506553e-03
  0.00000000000000e+00
  2.18542251581980e-04
 -2.41605612699955e-03
  0.00000000000000e+00
 -1.81518263575744e-03
  3.94607692089801e-03
  0.00000000000000e+00
 -1.10699501054246e-03
  3.45934814901140e-03
  0.00000000000000e+00
 -8.25456471129968e-03
 -7.63807024545769e-04
  0.00000000000000e+00
 -1.89374854757145e-03
 -4.94078610225692e-03
  0.00000000000000e+00
  2.39631781610653e-03
 -1.51704780933626e-03
  0.00000000000000e+00
 -1.42210234353461e-03
 -1.80869243495678e-03
  0.00000000000000e+00
 -1.66229247501826e-03
  3.19884263636002e-03
  0.00000000000000e+00
 -1.89196636565723e-03
  3.75707408370977e-03
  0.00000000000000e+00
 -2.65345727040889e-03
 -5.55080202402744e-03
  0.00000000000000e+00
  1.15862442596741e-04
 -5.22663920684935e-04
  0.00000000000000e+00
 -5.34896713462714e-03
 -3.50300528372096e-03
  0.00000000000000e+00
  1.80125307565474e-03
  8.94793788897128e-04
  0.00000000000000e+00
  3.10288327142171e-03
  1.42711908402050e-03
  0.00000000000000e+00
  3.06172897218312e-03
 -1.26608093793676e-03
  0.00000000000000e+00
 -3.16784780257388e-03
 -2.71370341499382e-04
  0.00000000000000e+00
 -5.22671633007001e-04
 -6.74541053925967e-03
  0.00000000000000e+00
  6.40830847276545e-03
 -1.57037833693160e-03
  0.00000000000000e+00
 -3.18807732600190e-03
  2.32942420279546e-03
  0.00000000000000e+00
 -1.49692968432384e-03
  5.39276988233899e-03
  0.00000000000000e+00
 -3.92584706756584e-03
  2.01808661411755e-03
  0.00000000000000e+00
  7.75315601025326e-03
  1.49207505340817e-03
  0.00000000000000e+00
 -1.57830703493868e-03
 -2.53829093074075e-03
  0.00000000000000e+00
 -9.92077711719955e-04
  2.78640594893189e-04
  0.00000000000000e+00
 -3.91665607255178e-04
  2.33168103249750e-03
  0.00000000000000e+00
 -6.12613107927887e-04
 -6.40824816757616e-04
  0.00000000000000e+00
  6.20023957531057e-04
  1.81299633951855e-03
  0.00000000000000e+00
  4.57234776739655e-04
 -1.56427977597041e-03
  0.00000000000000e+00
  3.52067041538112e-03
 -2.35072810814710e-03
  0.00000000000000e+00
 -7.27084637276235e-04
 -2.33171427694986e-03
  0.00000000000000e+00
  2.07312316585145e-04
 -8.57342139788577e-05
  0.00000000000000e+00
 -3.72105132466574e-03
 -3.36683731379791e-04
  0.00000000000000e+00
  1.69931103883929e-03
  4.87331727838628e-03
  0.00000000000000e+00
 -3.05471023041971e-03
 -5.34048719926228e-03
  0.00000000000000e+00
  4.69542218180424e-03
  8.42842967190566e-03
  0.00000000000000e+00
 -2.41426820875336e-03
  1.08584930247917e-03
  0.00000000000000e+00
  1.05538273447127e-02
  3.55639300654644e-03
  0.00000000000000e+00
  3.43172005062256e-03
  2.72623374651907e-03
  0.00000000000000e+00
 -7.44135250113814e-03
  3.42259279535399e-03
  0.00000000000000e+00
 -6.54261101644148e-03
  1.17023062203388e-03
  0.00000000000000e+00
  1.79432737211664e-03
  1.34485419598781e-02
  0.00000000000000e+00
 -1.41229810151909e-03
  5.53628227624542e-03
  0.00000000000000e+00
  3.27780538945284e-03
  7.08883334856578e-03
  0.00000000000000e+00
  4.27485149699934e-03
  1.99108351627100e-03
  0.00000000000000e+00
  7.89029904447059e-03
  3.23194245259774e-04
  0.00000000000000e+00
  6.63568085128208e-03
 -9.41427906809349e-04
  0.00000000000000e+00
  1.68703104493398e-03
 -3.85966920964358e-03
  0.00000000000000e+00
 -2.30799541906278e-04
 -5.65748519195442e-03
  0.00000000000000e+00
  7.50396406563385e-03
  7.99222481504757e-03
  0.00000000000000e+00
 -9.02688988944927e-03
 -1.23104908267095e-02
  0.00000000000000e+00
  4.76917646245479e-03
 -8.88326723280697e-03
  0.00000000000000e+00
 -4.35899770070594e-03
  3.20773368396760e-03
  0.00000000000000e+00
 -5.24098360378985e-03
  5.38172221241951e-03
  0.00000000000000e+00
  3.99853552655435e-03
  6.77177530445595e-03
  0.00000000000000e+00
  4.25713776628056e-03
 -5.66090014195749e-04
  0.00000000000000e+00
 -4.74106842988162e-03
 -1.03053798912144e-03
  0.00000000000000e+00
  0.00000000000000e+00
  0.00000000000000e+00
  0.00000000000000e+00
  0.00000000000000e+00
  0.00000000000000e+00
  0.00000000000000e+00
  0.00000000000000e+00
  0.00000000000000e+00
  0.00000000000000e+00
  0.00000000000000e+00
  0.00000000000000e+00
  0.00000000000000e+00
  0.00000000000000e+00
  0.00000000000000e+00
  0.00000000000000e+00
  0.00000000000000e+00
  0.00000000000000e+00
  0.00000000000000e+00
  0.00000000000000e+00
  0.00000000000000e+00
  0.00000000000000e+00
  0.00000000000000e+00
  0.00000000000000e+00
  0.00000000000000e+00
  0.00000000000000e+00
  0.00000000000000e+00
  0.00000000000000e+00
  0.00000000000000e+00
  0.00000000000000e+00
  0.00000000000000e+00
  0.00000000000000e+00
  0.00000000000000e+00
  0.00000000000000e+00
  0.00000000000000e+00
  0.00000000000000e+00
  0.00000000000000e+00
  0.00000000000000e+00
  0.00000000000000e+00
  0.00000000000000e+00
  0.00000000000000e+00
  0.00000000000000e+00
  0.00000000000000e+00
  0.00000000000000e+00
  0.00000000000000e+00
  0.00000000000000e+00
  0.00000000000000e+00
  0.00000000000000e+00
  0.00000000000000e+00
  0.00000000000000e+00
  0.00000000000000e+00
  0.00000000000000e+00
  0.00000000000000e+00
  0.00000000000000e+00
  0.00000000000000e+00
  0.00000000000000e+00
  0.00000000000000e+00
  0.00000000000000e+00
  0.00000000000000e+00
  0.00000000000000e+00
  0.00000000000000e+00
  0.00000000000000e+00
  0.00000000000000e+00
  0.00000000000000e+00
  0.00000000000000e+00
  0.00000000000000e+00
  0.00000000000000e+00
  0.00000000000000e+00
  0.00000000000000e+00
  0.00000000000000e+00
  0.00000000000000e+00
  0.00000000000000e+00
  0.00000000000000e+00
  0.00000000000000e+00
  0.00000000000000e+00
  0.00000000000000e+00
  0.00000000000000e+00
  0.00000000000000e+00
  0.00000000000000e+00
  0.00000000000000e+00
  0.00000000000000e+00
  0.00000000000000e+00
  0.00000000000000e+00
  0.00000000000000e+00
  0.00000000000000e+00
  0.00000000000000e+00
  0.00000000000000e+00
  0.00000000000000e+00
  0.00000000000000e+00
  0.00000000000000e+00
  0.00000000000000e+00
  0.00000000000000e+00
  0.00000000000000e+00
  0.00000000000000e+00
  0.00000000000000e+00
  0.00000000000000e+00
  0.00000000000000e+00
  0.00000000000000e+00
  0.00000000000000e+00
  0.00000000000000e+00
  0.00000000000000e+00
  0.00000000000000e+00
  0.00000000000000e+00
  0.00000000000000e+00
  0.00000000000000e+00
  0.00000000000000e+00
  0.00000000000000e+00
  0.00000000000000e+00
  0.00000000000000e+00
  0.00000000000000e+00
  0.00000000000000e+00
  0.00000000000000e+00
  0.00000000000000e+00
  0.00000000000000e+00
  0.00000000000000e+00
  0.00000000000000e+00
  0.00000000000000e+00
  0.00000000000000e+00
  0.00000000000000e+00
  0.00000000000000e+00
  0.00000000000000e+00
  0.00000000000000e+00
  0.00000000000000e+00
  0.00000000000000e+00
  0.00000000000000e+00
  0.00000000000000e+00
  0.00000000000000e+00
  0.00000000000000e+00
  0.00000000000000e+00
  0.00000000000000e+00
  0.00000000000000e+00
  0.00000000000000e+00
  0.00000000000000e+00
  0.00000000000000e+00
  0.00000000000000e+00
  0.00000000000000e+00
  0.00000000000000e+00
  0.00000000000000e+00
  0.00000000000000e+00
  0.00000000000000e+00
  0.00000000000000e+00
  0.00000000000000e+00
  0.00000000000000e+00
  0.00000000000000e+00
  0.00000000000000e+00
  0.00000000000000e+00
  0.00000000000000e+00
  0.00000000000000e+00
  0.00000000000000e+00
  0.00000000000000e+00
  0.00000000000000e+00
  0.00000000000000e+00
  0.00000000000000e+00
  0.00000000000000e+00
  0.00000000000000e+00
  0.00000000000000e+00
  0.00000000000000e+00
  0.00000000000000e+00
  0.00000000000000e+00
  0.00000000000000e+00
  0.00000000000000e+00
  0.00000000000000e+00
  0.00000000000000e+00
  0.00000000000000e+00
  0.00000000000000e+00
  0.00000000000000e+00
  0.00000000000000e+00
  0.00000000000000e+00
  0.00000000000000e+00
  0.00000000000000e+00
  0.00000000000000e+00
  0.00000000000000e+00
  0.00000000000000e+00
  0.00000000000000e+00
  0.00000000000000e+00
  0.00000000000000e+00
  0.00000000000000e+00
  0.00000000000000e+00
  0.00000000000000e+00
  0.00000000000000e+00
  0.00000000000000e+00
  0.00000000000000e+00
  0.00000000000000e+00
  0.00000000000000e+00
  0.00000000000000e+00
  0.00000000000000e+00
  0.00000000000000e+00
  0.00000000000000e+00
  0.00000000000000e+00
  0.00000000000000e+00
  0.00000000000000e+00
  0.00000000000000e+00
  0.00000000000000e+00
  0.00000000000000e+00
  0.00000000000000e+00
  0.00000000000000e+00
  0.00000000000000e+00
  0.00000000000000e+00
  0.00000000000000e+00
  0.00000000000000e+00
  0.00000000000000e+00
  0.00000000000000e+00
  0.00000000000000e+00
  0.00000000000000e+00
  0.00000000000000e+00
  0.00000000000000e+00
  0.00000000000000e+00
  0.00000000000000e+00
  0.00000000000000e+00
  0.00000000000000e+00
  0.00000000000000e+00
  0.00000000000000e+00
  0.00000000000000e+00
  0.00000000000000e+00
  0.00000000000000e+00
  0.00000000000000e+00
  0.00000000000000e+00
  0.00000000000000e+00
  0.00000000000000e+00
  0.00000000000000e+00
  0.00000000000000e+00
  0.00000000000000e+00
  0.00000000000000e+00
  0.00000000000000e+00
  0.00000000000000e+00
  0.00000000000000e+00
  0.00000000000000e+00
  0.00000000000000e+00
  4.14793318043211e-04
 -2.97561476340978e-03
 -6.20539819983122e-03
  4.06119825081998e-03
  1.90835592451820e-03
 -3.43623416021489e-03
  1.25390045550478e-03
 -1.52228902055141e-03
  3.98968438995943e-03
  3.43435550062231e-03
 -2.61180897399406e-03
  9.40224318670836e-04
 -6.29516489065448e-03
  1.73854144996683e-03
 -1.51873745484693e-03
  1.03588946939508e-02
 -4.70928405979617e-04
 -6.05702234664246e-03
 -1.09915375669904e-02
 -6.25080802004033e-03
 -6.72743066223036e-03
  3.28329949444146e-03
  2.01069767411710e-03
  1.21764034116064e-03
 -7.40689629124573e-03
  5.81107227963247e-03
  2.26675307307396e-03
  1.57442763078062e-03
  2.99359547227175e-03
  1.04595093966300e-04
  7.39767279308861e-03
  4.10401954599082e-03
 -7.47042209050933e-03
 -2.79617289477328e-02
 -1.39622117641177e-03
 -5.35928875723195e-03
  1.11088421369418e-03
  1.57446811096918e-03
 -2.90961681339891e-03
  2.11882644389532e-04
  2.34822850563835e-03
 -6.67292123107290e-04
  1.24747303071152e-02
 -4.04733833044228e-04
 -4.38958347141342e-03
  5.75822127296879e-03
  3.68396881923872e-03
 -3.53928334456489e-03
 -1.85813435614047e-02
  4.49421871249612e-03
 -4.97981305735606e-03
 -1.32176140512579e-03
 -1.58931206869534e-03
 -2.49697920352211e-03
 -6.00357135544068e-03
 -3.19529864091613e-03
 -3.88096752631907e-03
  1.65669427738819e-02
 -2.14075964050186e-04
 -2.38089922063134e-03
  7.69273927646596e-03
 -2.76293560802487e-03
  2.95726169333242e-03
 -1.29045308971890e-03
 -5.78142382960084e-03
 -3.21145864692047e-03
  3.08298936456547e-03
 -6.33802556119113e-04
 -5.73221270357838e-04
 -2.57156330890259e-03
 -3.05927570860020e-03
 -2.93888850563418e-04
 -1.44737592109944e-02
 -3.82539042231198e-03
  3.69815386206823e-03
  7.51090442357600e-03
 -7.67554696500023e-04
  2.04916780405476e-03
 -1.17630121719093e-02
  3.35275283221874e-04
  4.63494287862174e-03
 -1.99881222635821e-03
  3.37195001445812e-04
  3.24158960290988e-03
  2.57509591131263e-03
 -2.63014255244435e-03
 -6.10245155673787e-06
  5.72776816712657e-03
  4.43310341781214e-03
 -2.02655862295292e-03
 -3.04760497787020e-03
  6.31174191673946e-04
  4.65181016759396e-03
 -4.49845308365587e-03
  3.71326969756932e-03
 -1.71101250735121e-04
  8.06003635399792e-03
  1.60320185314652e-03
  2.94934322559481e-04
  4.14163833122316e-04
  3.89810673237739e-03
 -3.23454572514383e-03
 -5.13957054443416e-03
 -6.85239905674921e-04
 -2.67247910411042e-03
 -5.13102244133518e-03
  1.80936958123629e-03
 -4.93948072930484e-03
  1.01463805985121e-03
 -1.01890938219224e-03
 -2.52453739794078e-03
  1.42940472027346e-02
 -3.08732105358215e-03
  1.55655148638011e-04
 -3.54788876268153e-03
 -8.00148270972406e-04
  3.17645935796149e-03
 -3.06859562925179e-03
  9.88306134574934e-04
  2.95898661210890e-03
 -1.46747368148415e-03
 -3.05770803527371e-03
 -3.49197879225237e-05
 -4.61820733683581e-03
  5.31028500234964e-03
  2.06052845871859e-03
  2.35246124678872e-03
 -6.51706489074356e-04
 -3.94666627846926e-03
  1.35860861217827e-02
 -2.11065103877407e-03
 -9.68410447849170e-04
 -1.08292463523082e-02
 -4.61482709752864e-03
 -3.18199300298555e-03
  2.98704739509413e-03
  1.78909499500759e-03
 -3.18680763572579e-03
 -2.00857458971379e-03
  1.08920769487393e-03
 -2.94623928815201e-03
 -4.14973368637773e-03
  2.36483148845709e-03
  5.47117685858829e-04
 -1.77233881082561e-04
 -1.53642711420757e-03
  6.71131228376040e-04
  2.02785411504588e-03
 -1.07314337823088e-03
  3.20876083392417e-05
 -2.47672391855856e-02
 -6.51694467503396e-04
 -4.10455623378846e-03
  2.57759911545507e-02
 -5.78241899125248e-03
 -7.35794959984697e-03
 -8.23906079837299e-03
 -2.12126182533165e-03
 -4.55945557216866e-03
  6.22346083884158e-03
  2.67646527838192e-04
 -5.64422506849693e-03
 -7.92501550424436e-03
 -7.72187958914416e-04
  1.59488833958122e-03
  7.05349719235326e-04
  1.22661257379817e-03
 -9.40443672122141e-04
 -1.60626260045408e-03
 -1.64050285586502e-04
 -5.97960122363499e-03
 -6.67018294600988e-04
 -3.57824639747672e-03
 -4.06361436033094e-03
  3.49054517930551e-03
 -2.14187445732953e-03
 -2.59431064177739e-03
 -1.78798238574391e-03
 -6.67782735402034e-04
  3.70321656555017e-03
 -1.72310449361059e-02
 -9.05946320144448e-03
 -1.34439141462372e-03
  9.53856308587855e-03
 -8.34172989547042e-03
 -2.09796361225295e-03
 -1.11844624099348e-02
  5.53017879877459e-04
 -9.60293912504863e-04
  2.21285833240879e-02
 -6.68412378461214e-04
  2.18346738965537e-03
 -2.33567397290749e-02
  5.07577952428602e-03
  9.97137923788654e-04
  2.00002094845545e-03
 -5.54911225851439e-03
  1.03102381407241e-02
 -5.75373310674147e-04
 -3.26098130517699e-03
  9.94557459734673e-03
 -6.04401431853191e-03
  9.76426644060366e-04
  1.21413044681703e-02
 -1.49654986237566e-03
  1.79668645966815e-03
  5.07643066568545e-03
  4.81837441672359e-03
  3.26998743694381e-03
 -7.75116236745983e-04
  1.75497504070504e-02
 -1.07003582325871e-03
 -2.74053278031613e-03
 -2.59630503089888e-02
  2.18787380220447e-03
 -5.66693902265495e-03
  2.44592382585902e-02
  1.52602645244915e-03
 -8.36759122463039e-03
 -5.26700996614238e-03
  9.74955470853014e-04
 -5.02538196034430e-03
  1.19333700301701e-02
 -1.48604271471735e-03
 -5.91520479155022e-03
 -5.17549481426977e-03
 -9.90140690795556e-03
  1.99769676219570e-02
  4.05550457471336e-03
 -4.55934586412475e-03
  1.28271565505369e-02
 -6.82191101133267e-03
 -4.69204539987459e-03
  5.86598337170214e-03
  1.63095111054819e-02
  5.73581534424146e-04
  4.49451745287436e-03
 -3.33213038110155e-03
 -9.18798617810531e-04
  3.95496545063421e-03
  1.58868538298919e-02
  1.86961277603996e-03
  1.16531852389882e-03
 -2.93854150421951e-03
  3.98802733783713e-03
  1.73472063700896e-04
 -4.65152103621283e-03
 -3.57371931263152e-03
 -1.31129392124851e-03
  9.44626914439289e-04
 -2.78080373468577e-03
 -6.83735442467743e-04
  6.64728995430816e-03
  2.60094705248300e-03
 -5.22052006160581e-03
 -3.92638253547761e-03
 -8.57991666073293e-04
  9.59005299925982e-03
 -1.15612885813841e-02
  3.05266391152004e-03
  1.57300340748557e-02
  2.31322933648274e-03
  3.75120303456691e-04
  1.33238676158708e-02
  6.99741627149437e-04
  1.61083934474555e-03
  1.21717024970726e-02
  2.12435197963699e-02
  3.08099336408559e-04
 -1.05886678366540e-04
 -2.52115400586500e-02
 -3.58130551343819e-03
 -7.64782189751498e-03
  3.02956773959230e-02
  4.94450907115242e-04
 -8.55952616076956e-04
 -2.44613945295767e-02
 -6.64912452896238e-03
 -5.16378611727503e-03
  6.32606347665893e-03
 -3.89241121268316e-03
 -1.38248772441256e-03
 -6.71106795174472e-03
 -1.32459167883856e-03
 -1.23930811803061e-03
  7.85145498095037e-03
  6.55218421996075e-03
 -8.91703281657712e-03
  4.49727688614479e-03
  7.46633836559161e-03
 -9.39097753354952e-04
 -3.98691625888749e-03
  5.36283923507450e-03
 -2.35787186117112e-04
  3.73955610573123e-03
  7.95221306755566e-04
  2.40476971670169e-03
 -3.34755384662264e-03
 -7.05076719692838e-03
  4.57488401073915e-03
 -9.49965389711905e-04
  1.44876771604612e-02
  6.11445656371647e-03
  8.54780814957748e-03
  4.40837797689616e-03
 -1.97508449480901e-04
  5.60082987325661e-03
  5.47304762898950e-03
 -5.85840647188502e-03
 -4.68163075635140e-03
 -1.14089131363039e-03
 -8.90960311690119e-03
  3.88818966447563e-03
 -2.90009286124369e-03
 -7.27408432915230e-03
  1.03802670121366e-04
 -3.41931007581131e-03
  2.08677548761110e-03
  6.34347534315031e-03
  2.55237948989495e-03
  8.89246167007960e-04
 -1.05577084881971e-02
  1.22370235010640e-03
  2.34632298593314e-03
 -1.74144828957994e-03
  5.20989135195649e-04
 -5.86726012859733e-03
 -1.20679087698807e-02
  3.39351207435980e-03
  8.41727588731373e-04
  1.40707634094095e-02
 -2.71500407147542e-04
  1.24124174856692e-03
  2.76495884969253e-03
 -4.30229114723548e-03
 -1.25127646630890e-03
 -1.57901408545101e-02
 -2.15805942820695e-04
 -1.69484922125104e-03
 -8.10242139644751e-03
 -3.49685410496015e-03
  1.07528824993362e-04
  4.65881670575834e-03
 -4.42005995055160e-03
  2.01560049782875e-03
  5.28046655935925e-03
  6.27962116840807e-04
  4.15633012785073e-03
  1.93888054170921e-04
  3.06025789756596e-03
  3.57022878500884e-03
  3.73859474011821e-03
 -1.62277588538185e-03
 -3.46164969810394e-03
 -1.75942717750845e-03
 -4.61543306239006e-03
  1.79017007992348e-03
 -3.55104184912909e-03
 -5.24920340295805e-03
  3.23206642514108e-03
  4.46017137787265e-03
 -4.71909535695360e-03
  2.70069428486012e-03
 -7.16942865802385e-03
  3.09858666692755e-03
 -1.27250127946697e-02
 -2.18543583709649e-03
  6.35390154971723e-04
 -1.15467851864419e-02
 -1.11541402289115e-02
 -2.86596481944466e-03
 -3.52252281454238e-03
  3.01773725359840e-03
 -3.14764060990315e-03
  2.94372474002098e-03
 -2.79786282501101e-03
 -7.67697578324233e-03
 -9.69955758080190e-03
  9.60847875751371e-03
 -7.68718319494205e-03
 -7.20621625244853e-03
  7.27204108025517e-03
  6.05702373532684e-03
 -9.81074657294399e-04
 -9.05155250096223e-04
  9.06306398450334e-03
 -2.65883738840624e-03
 -3.90550323362332e-03
 -1.10670723212902e-03
 -1.62961585844802e-03
  1.41011790226712e-03
 -3.22682854028810e-04
 -1.00661117993802e-02
 -1.14295070572083e-03
  1.66469295553955e-03
 -1.31645028963208e-02
  1.49186029671548e-03
  5.01133420716447e-03
 -1.02662769062966e-02
 -7.00809328201194e-03
  4.70562875218652e-03
  5.45486831749718e-04
  1.52330509017268e-02
  1.26471565201900e-03
 -3.85038805984811e-05
  2.78483218511487e-03
 -3.84345447666678e-03
 -3.92112929302565e-03
 -9.01310893231032e-04
  2.04268438086000e-03
 -5.49296014381997e-03
  2.31513328384493e-04
 -4.13276378385780e-03
 -8.30896314911167e-03
  2.11346122791374e-02
 -2.36930977946820e-03
 -1.17863051863447e-02
  1.05580241155608e-03
 -2.27207325682569e-03
 -1.55927822338742e-02
  1.30279998181585e-02
 -5.34376457212208e-03
 -1.90273710475134e-02
 -3.00594171172220e-03
  1.21523735706013e-02
 -4.54888095977999e-03
  1.88447619857443e-03
 -4.36960352802838e-03
  5.60465562303394e-04
  4.78100857916525e-03
  4.46323009166560e-03
  8.51028537527076e-04
  8.50597584809561e-03
 -4.43585729897290e-03
  1.59120788310936e-03
 -8.37556718897336e-03
 -1.31042020614361e-05
 -1.70993190397166e-03
  9.33843513725502e-04
  1.46139849304651e-02
  2.08740395702205e-03
  1.77452598758262e-03
  5.73559168623705e-03
  1.70917097148372e-03
  6.95597718867598e-03
  5.98922125799251e-03
  1.80846126583058e-03
  5.29610328712289e-03
 -7.78508735954164e-03
  2.67174137717613e-03
 -2.55351843100794e-03
 -1.24434780089829e-02
 -1.33777579922136e-04
  6.28509335358734e-03
 -4.33889737830150e-03
 -1.57655246866818e-03
  1.96484269355367e-03
 -1.15490784983921e-02
  4.13516760864616e-03
 -1.42427804038284e-04
  4.53558755981965e-04
  4.52131613532694e-03
  8.32019098344922e-05
  7.02501837281105e-04
  1.14690372768612e-02
  5.70535419642864e-03
  1.36641178231575e-03
  5.28546439501559e-03
 -2.85480421396992e-04
 -1.11371803340479e-03
  8.36916909847935e-03
  2.29123239489276e-03
  1.49260146894934e-02
  3.71678913119508e-03
  3.40734196226883e-03
  4.45924901164996e-03
  8.43541681723133e-04
  1.13768027668365e-02
 -5.52675674846757e-03
  1.77096898575971e-03
 -7.70373053102909e-03
 -6.47704422190375e-03
 -3.55308237905638e-03
  2.42943767041362e-03
  1.30915523341556e-03
  2.38628255117261e-03
  2.85816230906533e-03
  2.60418554697569e-03
 -2.05589102812067e-03
  3.93193535555056e-04
 -1.61608660772031e-03
 -9.12676078295613e-03
 -3.49128604983321e-03
  2.46920955727239e-03
 -9.54525742528527e-03
  2.00855168685891e-03
  3.30816905290694e-03
 -3.15347264911283e-03
  9.87471330772927e-04
 -1.59883922603579e-03
 -7.67409904415876e-04
  9.94977235236890e-04
 -5.93689078354687e-03
  1.04365679438886e-03
  1.75769170178281e-03
 -2.93330795799982e-03
  5.45405863940816e-03
  5.48778301034296e-03
  3.16825895231515e-03
 -5.00042609593073e-04
  8.94024359478171e-04
 -3.68604794102416e-04
  1.37809600630652e-05
 -2.53664899868295e-03
 -3.95363785061830e-03
  6.19782430950887e-03
 -3.54324990541213e-03
  8.61149344319000e-04
  7.30119882319815e-03
  1.26048782606061e-02
  9.05064970831235e-03
  2.39976415652379e-04
 -1.46085174602150e-02
  1.20464549576961e-02
 -3.54989867605076e-03
  4.64904570293207e-03
  1.27386064533483e-03
  2.91611463993797e-04
  1.40208125552898e-03
 -5.86985846026858e-03
 -1.33628413666336e-03
  3.12353782720955e-04
  1.93257670717442e-03
 -1.03363893858750e-03
 -7.83439034749140e-03
  2.06667215873568e-03
 -3.17342074711068e-03
 -1.48224847710471e-03
  7.87885595639353e-05
  2.15716472993548e-03
  1.14569777334497e-03
  1.32294451854817e-03
  1.20951047278792e-03
 -1.03286638931238e-02
 -3.54980414307760e-03
 -9.77130474523326e-04
  1.73485847543952e-02
  1.11166954834262e-04
  3.43015915252689e-03
 -3.25862861429616e-03
  1.24224379547999e-03
  3.22669515963591e-03
  5.06770849255717e-03
  3.55998584117393e-03
  1.42608557787828e-03
 -1.43560834461322e-03
 -1.56383292412963e-03
  1.35564591108823e-03
 -4.39261626572875e-03
  3.66525682585936e-04
  5.59123138643453e-04
  3.40762992433803e-03
 -1.50765677176700e-03
  4.55473305668527e-03
  6.13871002460359e-03
 -6.29726152593929e-04
  1.14931060722547e-03
  3.12440819564742e-03
  3.84596058471499e-04
 -1.14768211373747e-03
  1.04927094205673e-03
 -3.90255118977418e-03
 -1.20136060699707e-03
 -9.01782472649131e-03
 -1.64713571299259e-03
  2.86633445058097e-04
  5.21004159800117e-03
  1.48245788643150e-03
 -8.85501684236226e-04
  3.76277800091700e-03
  5.04512329687969e-03
  2.17475644976218e-03
 -8.45442476392937e-03
  3.87193306115638e-03
  6.01442980579253e-04
  1.80974312655910e-03
  6.19943976643590e-04
  2.23514597099367e-03
  1.34566558891237e-02
 -6.04039995408434e-04
 -8.73017092300686e-03
 -1.95154877030609e-02
 -5.34976680908276e-03
 -1.22015230228442e-03
 -5.38401323897855e-03
 -5.19972036589065e-03
 -1.36584174256534e-04
 -7.32308924242575e-03
 -3.96975403848581e-03
 -7.10399405225020e-04
  2.60344903669366e-04
  5.59599930241384e-03
 -8.07778953580753e-03
 -2.66554726457064e-03
  2.10216750392883e-03
 -9.48610878447069e-04
  1.90811688659653e-03
 -2.32568976151043e-03
  2.35408089375129e-04
 -3.35816428089063e-03
  1.07089617866474e-03
 -6.86940354405904e-04
 -3.50957885843642e-03
  9.29957590114046e-04
  2.20645514836969e-03
 -3.74484440098782e-03
 -4.26738600668531e-03
 -1.92459874072173e-03
 -4.18236625530759e-03
 -9.28803626785449e-04
 -6.22086061378286e-03
 -6.59959492358936e-03
 -2.11743595021508e-03
 -1.41004164946395e-04
 -7.20993367500434e-03
  2.89971433262977e-03
  5.61585330388586e-04
 -2.10678810257850e-02
 -1.20341184814539e-03
 -3.88539726685152e-03
 -1.26749590594706e-02
 -8.75877570363283e-04
 -2.32081576204978e-03
 -1.41935648512695e-02
  1.25075010768245e-03
 -3.31641891271595e-03
 -1.85053893502096e-03
 -3.27617027533599e-03
  3.85435065973351e-03
 -3.48688750170382e-03
  1.05173407272619e-02
  1.53108637068739e-02
  6.08777056109312e-03
  4.85594352302621e-03
  8.28437638776971e-03
  9.38288444225879e-03
 -2.45283250468311e-03
 -2.37383428459085e-03
 -4.01070559567430e-04
  5.32300506495766e-03
  3.46650444732261e-03
 -7.27221228165795e-03
 -5.45549153353895e-03
  5.59078042919183e-03
  9.33039921977030e-03
 -4.44074920654202e-03
  3.12003517367682e-03
  4.91858920333159e-03
  5.33666327895348e-03
 -2.63877123436063e-03
  1.26629134948618e-03
  4.83666779470932e-03
  1.53251123366894e-03
  8.13690540858698e-03
  2.29626745940108e-02
  5.40701970546359e-03
  2.70527280096751e-02
  1.14555821209405e-02
 -7.99596222712897e-04
  1.04922103601351e-02
 -4.52132120381422e-03
 -1.87087002088148e-03
  1.93893685797584e-02
  3.11920561110743e-03
 -1.67756312730581e-03
 -1.87667144345348e-03
 -4.99885248793564e-03
 -5.38038841236281e-03
  2.77889191289418e-02
 -4.10705421310413e-03
 -4.52845793844629e-03
  3.18993897574657e-02
  1.29534269123212e-02
 -9.85759576486400e-03
  6.91640007109176e-03
  1.54530300350808e-03
 -2.81910777320943e-03
 -1.29824440014811e-03
 -7.77623338186964e-03
  2.01314168511191e-02
  1.35729576293379e-02
 -6.11969835852143e-03
  1.09695924987825e-02
  1.19149807864007e-02
 -3.01111844353427e-04
 -8.65374254950831e-03
 -4.65530341090970e-03
  4.13281817815537e-04
 -9.93993526565111e-03
  6.48877813472021e-03
 -6.51891691911823e-04
  1.05958091107264e-02
  1.35602135751319e-02
 -2.69127048962467e-03
  4.90350617795763e-03
 -4.60106279164804e-03
 -1.10070865165500e-03
 -2.84766816985927e-03
  3.89140667407288e-03
  5.25139346746378e-03
 -8.18844978007795e-03
  1.31718753698478e-03
  8.27694844876612e-03
  3.95145357910848e-03
  2.26471847647264e-02
  9.68854455679252e-03
  1.40264815891134e-03
  3.27386995971561e-03
  5.03047148870535e-03
 -2.28522756650702e-03
 -3.58884201898026e-04
 -1.58677053977158e-03
  4.81363837927253e-04
  7.70730910735045e-04
  8.44285761272483e-03
  2.55623891764546e-03
  1.27445399217700e-02
  5.20551725857462e-03
  1.46888979489308e-02
  1.31129981670742e-02
 -3.57353722809344e-03
  1.64313789718638e-02
  9.17401243522576e-03
 -4.59933477325124e-03
  7.24695999824488e-03
 -1.35150395196292e-02
  5.80165397005094e-03
  1.29514376629603e-02
  5.66839084066666e-03
  1.29879875821555e-02
  3.07943419779228e-03
 -1.40341761354196e-03
  1.15354146115747e-02
  4.60654456747416e-03
 -4.54355369609563e-03
  4.85537045947615e-03
  3.79813096058020e-03
  2.53090547825190e-03
  4.63091380098516e-03
  7.89444330332786e-03
 -3.93156235038125e-03
  6.36319127554404e-05
  6.67798712209003e-04
  7.79015464345020e-03
 -1.50400900479969e-03
 -7.82858298079547e-04
  4.68865335585175e-03
  2.56738351169181e-03
 -1.98306699987051e-05
 -3.37471529590987e-02
 -2.55091952823456e-03
 -6.18706104792810e-03
 -3.31380460994228e-02
 -3.92675000141172e-03
 -1.89382506678034e-03
 -2.22439766945696e-02
 -1.40857658936577e-03
  1.26275991798947e-03
 -1.61173345219384e-02
 -2.49755375909555e-03
 -3.00496283066122e-04
 -1.32198349587967e-02
  8.89280566540557e-03
 -7.06543520014900e-03
 -2.26804431640848e-02
  4.33501365181898e-03
  1.35173740909188e-03
 -8.19301275663349e-03
  1.24917943142786e-03
  2.83521758209602e-03
 -1.11733309110053e-02
  1.44932213118462e-04
  8.98524962232952e-03
 -2.06572597251830e-02
 -4.49045089595751e-03
 -9.24016038756226e-04
 -6.22296755066069e-03
 -2.86755655100968e-03
  1.40128780431221e-03
 -6.83717089580790e-03
  4.02931172531780e-03
 -2.75358283095583e-03
 -4.50281248858217e-03
 -9.09354047924049e-04
 -7.94153898107149e-03
  1.07869683285943e-03
  4.01088543261275e-04
  7.20793577512941e-03
  2.71007316124799e-03
  1.14144565603077e-03
  5.07368055743933e-03
 -1.17671352077839e-02
 -3.07070997501062e-03
  5.57759694587200e-03
 -5.58135759390358e-03
 -9.66383037247239e-03
  4.55768981077710e-04
 -9.73014945076848e-03
 -6.01095967092030e-03
  1.25548417210218e-02
 -3.71176105198192e-02
  2.69775185922505e-03
  3.16433546322911e-03
 -4.79019152347394e-02
  4.67860929398146e-04
  2.24453910565164e-03
 -1.71217015963307e-02
  4.28878688674276e-03
 -3.13416401624687e-03
  6.66801439534655e-04
  4.48815710988717e-04
  4.46989101453142e-03
  2.58280256122046e-02
  9.95027304092479e-03
  5.07011639554441e-03
  2.06666431641578e-03
  5.75951532744709e-03
  2.00898442646950e-03
  1.05462711471592e-02
  3.61679113396852e-03
 -1.93171188669672e-03
 -9.16508039868105e-03
 -9.92480383708908e-03
  1.37623872915786e-02
 -1.34539335137389e-02
 -1.02774837846824e-02
 -1.81186825291710e-03
 -2.79795022988747e-02
  2.03781529060835e-03
 -1.86584195538777e-03
 -7.05622227779962e-03
  3.43718874776258e-03
  1.33312268815594e-03
 -1.64261048139978e-03
  9.48977046476971e-03
  5.71026914068761e-03
 -1.34348936434173e-02
  2.07923263561833e-03
  1.69135917065455e-03
 -3.83358084014683e-02
  7.73976176049935e-04
 -1.97522367282561e-03
 -9.41705301429575e-03
 -6.28413111066951e-03
 -1.17623545119412e-02
 -8.58969665137046e-03
 -4.83414776028488e-03
  1.43999511620555e-03
  9.01922850099283e-03
 -1.03572396437991e-02
 -3.19740621538146e-03
 -1.61541861812301e-02
 -8.92552210718177e-03
 -4.57318670121539e-03
 -9.34917661717339e-03
 -3.12516414859466e-03
 -1.62883746945372e-03
  1.53075477697663e-03
  2.34495974605401e-03
 -1.93381363809632e-03
  1.03227770720656e-02
  1.20848596238667e-03
  1.16576499510972e-03
 -7.03629298909380e-03
  1.19211249158439e-03
 -1.96654167621140e-03
 -8.64938730295514e-03
 -5.83516820353529e-03
 -3.25906174633823e-03
  4.67227113445810e-03
  1.34984929758136e-02
 -1.62857784237935e-03
  1.44785959116928e-03
  2.10399065591782e-03
  2.00847700924970e-03
 -1.62371259483996e-02
 -6.11306338213641e-03
  4.54191622799709e-03
 -7.09194158636469e-03
 -7.32147688195628e-03
  1.48552753220062e-03
  2.11134658681790e-04
  1.38049314677218e-03
 -1.43330767910991e-02
 -9.37160741632625e-04
  5.41197420197770e-03
 -6.50086561339213e-03
 -1.95557545672095e-03
  3.19239571297217e-04
  6.77383105440447e-03
 -9.10012147922702e-03
  1.05235552844421e-03
  1.04239714940769e-02
 -7.79778463166047e-03
 -1.95694454505064e-03
 -7.29021735479740e-03
  1.39309757491395e-02
  8.87723506026962e-04
 -4.90587608414711e-03
  7.61249571476915e-03
 -3.48926284048595e-03
 -3.70965979233374e-03
  7.62570297147015e-03
  2.27402660655971e-03
 -1.43964287805597e-03
 -3.19556330494983e-03
  1.44213275232450e-03
  3.41437783140280e-04
 -5.78656618763842e-03
  2.71484065087300e-03
 -8.58712931685744e-04
 -2.72630132718792e-04
 -2.66863777242013e-03
  2.44955791430966e-03
 -1.64781398236495e-03
 -7.91384505334289e-03
  6.01791423867491e-03
 -8.30331269311188e-03
 -6.53963142402518e-03
  6.77095469065531e-03
  2.27748851978786e-02
 -9.92841697287941e-03
  2.84149699187061e-04
  8.08696620223144e-03
  8.74118818025339e-03
  1.39598484104845e-03
  1.49008174371810e-03
 -1.72933775606004e-03
 -3.56633650086807e-03
  0.00000000000000e+00
  0.00000000000000e+00
  0.00000000000000e+00
  0.00000000000000e+00
  0.00000000000000e+00
  0.00000000000000e+00
  0.00000000000000e+00
  0.00000000000000e+00
  0.00000000000000e+00
  0.00000000000000e+00
  0.00000000000000e+00
  0.00000000000000e+00
  0.00000000000000e+00
  0.00000000000000e+00
  0.00000000000000e+00
  0.00000000000000e+00
  0.00000000000000e+00
  0.00000000000000e+00
  0.00000000000000e+00
  0.00000000000000e+00
  0.00000000000000e+00
  0.00000000000000e+00
  0.00000000000000e+00
  0.00000000000000e+00
  0.00000000000000e+00
  0.00000000000000e+00
  0.00000000000000e+00
