  3473   1
0.00000000000000e+00
  0.00000000000000e+00
 -1.00000000000000e-02
  0.00000000000000e+00
  0.00000000000000e+00
  0.00000000000000e+00
  0.00000000000000e+00
  0.00000000000000e+00
  5.22712954884951e+02
 -1.00000000000000e-02
  0.00000000000000e+00
  0.00000000000000e+00
  0.00000000000000e+00
 -1.00000000000000e-02
  0.00000000000000e+00
  0.00000000000000e+00
  9.77349117188024e-37
  9.77349117188025e-39
  0.00000000000000e+00
  5.22712954884954e+02
 -1.00000000000000e-02
  0.00000000000000e+00
  0.00000000000000e+00
  0.00000000000000e+00
  0.00000000000000e+00
  0.00000000000000e+00
  0.00000000000000e+00
  0.00000000000000e+00
  0.00000000000000e+00
  0.00000000000000e+00
  0.00000000000000e+00
  0.00000000000000e+00
  0.00000000000000e+00
  0.00000000000000e+00
  0.00000000000000e+00
  0.00000000000000e+00
  0.00000000000000e+00
  0.00000000000000e+00
  0.00000000000000e+00
  0.00000000000000e+00
  0.00000000000000e+00
  0.00000000000000e+00
  0.00000000000000e+00
  0.00000000000000e+00
  0.00000000000000e+00
  0.00000000000000e+00
  9.41327016334981e-11
  1.04542590976988e+03
 -1.00000000000000e-02
  0.00000000000000e+00
  5.91171556152403e-11
  1.04542590976990e+03
 -1.00000000000000e-02
  0.00000000000000e+00
  3.45607986673713e-11
  1.04542590976989e+03
 -1.00000000000000e-02
  0.00000000000000e+00
 -5.45696821063757e-12
  1.04542590976990e+03
 -1.00000000000000e-02
  0.00000000000000e+00
 -5.56282008570519e-54
  0.00000000000000e+00
 -2.66518238990545e-37
 -2.66518238990545e-39
  4.77748119892629e-37
  0.00000000000000e+00
 -3.19226447288635e-21
 -3.19226447288635e-23
  1.53125853572046e-53
  0.00000000000000e+00
 -2.34563788125120e-37
 -2.34563788125120e-39
 -5.64325391876621e-54
  0.00000000000000e+00
  2.95522747043174e-37
  2.95522747043174e-39
 -6.82121026329696e-11
  0.00000000000000e+00
 -1.00000000000000e-02
 -5.72981662116945e-11
  0.00000000000000e+00
 -1.00000000000000e-02
 -8.27640178613365e-11
  0.00000000000000e+00
 -1.00000000000000e-02
 -5.72981662116945e-11
  0.00000000000000e+00
 -1.00000000000000e-02
  0.00000000000000e+00
  0.00000000000000e+00
  8.31105007560110e+03
  0.00000000000000e+00
  0.00000000000000e+00
  0.00000000000000e+00
  0.00000000000000e+00
  0.00000000000000e+00
  0.00000000000000e+00
  0.00000000000000e+00
  0.00000000000000e+00
  0.00000000000000e+00
  0.00000000000000e+00
  0.00000000000000e+00
  0.00000000000000e+00
  0.00000000000000e+00
  2.72123282083818e+03
  8.61673186581234e+03
  0.00000000000000e+00
  0.00000000000000e+00
  0.00000000000000e+00
  0.00000000000000e+00
  0.00000000000000e+00
  0.00000000000000e+00
  0.00000000000000e+00
  0.00000000000000e+00
  0.00000000000000e+00
  0.00000000000000e+00
  0.00000000000000e+00
  0.00000000000000e+00
  0.00000000000000e+00
  0.00000000000000e+00
  0.00000000000000e+00
  0.00000000000000e+00
  0.00000000000000e+00
  0.00000000000000e+00
  0.00000000000000e+00
  0.00000000000000e+00
  0.00000000000000e+00
  0.00000000000000e+00
  0.00000000000000e+00
  0.00000000000000e+00
  0.00000000000000e+00
  0.00000000000000e+00
  0.00000000000000e+00
  0.00000000000000e+00
  0.00000000000000e+00
  0.00000000000000e+00
 -8.76412380230390e+01
 -1.00000000000000e-02
  0.00000000000000e+00
 -1.80597296227332e+02
 -1.00000000000000e-02
  0.00000000000000e+00
 -1.69999880614315e+02
 -1.00000000000000e-02
  0.00000000000000e+00
  1.82257688017632e+02
 -1.00000000000000e-02
  0.00000000000000e+00
  2.37777812988369e+02
 -1.00000000000000e-02
  0.00000000000000e+00
  0.00000000000000e+00
  0.00000000000000e+00
  0.00000000000000e+00
  0.00000000000000e+00
  8.31105007560116e+03
  0.00000000000000e+00
  0.00000000000000e+00
  0.00000000000000e+00
  0.00000000000000e+00
  0.00000000000000e+00
  0.00000000000000e+00
  0.00000000000000e+00
  0.00000000000000e+00
  0.00000000000000e+00
  0.00000000000000e+00
  0.00000000000000e+00
  0.00000000000000e+00
  0.00000000000000e+00
  0.00000000000000e+00
  0.00000000000000e+00
  0.00000000000000e+00
  0.00000000000000e+00
  0.00000000000000e+00
  2.72123282083821e+03
  8.61673186581236e+03
  0.00000000000000e+00
  0.00000000000000e+00
  0.00000000000000e+00
  0.00000000000000e+00
  0.00000000000000e+00
  0.00000000000000e+00
  0.00000000000000e+00
  0.00000000000000e+00
  0.00000000000000e+00
  0.00000000000000e+00
  0.00000000000000e+00
  0.00000000000000e+00
  0.00000000000000e+00
  0.00000000000000e+00
  0.00000000000000e+00
  0.00000000000000e+00
  0.00000000000000e+00
  0.00000000000000e+00
  0.00000000000000e+00
  0.00000000000000e+00
  0.00000000000000e+00
  0.00000000000000e+00
 -1.69999880614322e+02
 -1.00000000000000e-02
  0.00000000000000e+00
 -8.76412380230568e+01
 -1.00000000000000e-02
  0.00000000000000e+00
 -1.80597296227328e+02
 -1.00000000000000e-02
  0.00000000000000e+00
  1.82257688017614e+02
 -1.00000000000000e-02
  0.00000000000000e+00
  2.37777812988383e+02
 -1.00000000000000e-02
  0.00000000000000e+00
  0.00000000000000e+00
  0.00000000000000e+00
  0.00000000000000e+00
  0.00000000000000e+00
  0.00000000000000e+00
  0.00000000000000e+00
  0.00000000000000e+00
  0.00000000000000e+00
  0.00000000000000e+00
  0.00000000000000e+00
  0.00000000000000e+00
  0.00000000000000e+00
  0.00000000000000e+00
  0.00000000000000e+00
  0.00000000000000e+00
  0.00000000000000e+00
  0.00000000000000e+00
  0.00000000000000e+00
  0.00000000000000e+00
  0.00000000000000e+00
  0.00000000000000e+00
  0.00000000000000e+00
  0.00000000000000e+00
  0.00000000000000e+00
  0.00000000000000e+00
  0.00000000000000e+00
  0.00000000000000e+00
  0.00000000000000e+00
  0.00000000000000e+00
  0.00000000000000e+00
  0.00000000000000e+00
  0.00000000000000e+00
  0.00000000000000e+00
  0.00000000000000e+00
  0.00000000000000e+00
  0.00000000000000e+00
  0.00000000000000e+00
  0.00000000000000e+00
  0.00000000000000e+00
  0.00000000000000e+00
  0.00000000000000e+00
  0.00000000000000e+00
  0.00000000000000e+00
  0.00000000000000e+00
  0.00000000000000e+00
  0.00000000000000e+00
  0.00000000000000e+00
  0.00000000000000e+00
  0.00000000000000e+00
  0.00000000000000e+00
  0.00000000000000e+00
  0.00000000000000e+00
  0.00000000000000e+00
  0.00000000000000e+00
  0.00000000000000e+00
  0.00000000000000e+00
  0.00000000000000e+00
  0.00000000000000e+00
  0.00000000000000e+00
  0.00000000000000e+00
  0.00000000000000e+00
  0.00000000000000e+00
  0.00000000000000e+00
  0.00000000000000e+00
  0.00000000000000e+00
  0.00000000000000e+00
  0.00000000000000e+00
  0.00000000000000e+00
  0.00000000000000e+00
  0.00000000000000e+00
  0.00000000000000e+00
  0.00000000000000e+00
  0.00000000000000e+00
  0.00000000000000e+00
  0.00000000000000e+00
  0.00000000000000e+00
  0.00000000000000e+00
  0.00000000000000e+00
  0.00000000000000e+00
  0.00000000000000e+00
  0.00000000000000e+00
  0.00000000000000e+00
  0.00000000000000e+00
  0.00000000000000e+00
  0.00000000000000e+00
  0.00000000000000e+00
  0.00000000000000e+00
  0.00000000000000e+00
  0.00000000000000e+00
  0.00000000000000e+00
  0.00000000000000e+00
  0.00000000000000e+00
  0.00000000000000e+00
  0.00000000000000e+00
  0.00000000000000e+00
  0.00000000000000e+00
  0.00000000000000e+00
  0.00000000000000e+00
  0.00000000000000e+00
  0.00000000000000e+00
  0.00000000000000e+00
  0.00000000000000e+00
  0.00000000000000e+00
  0.00000000000000e+00
  0.00000000000000e+00
  0.00000000000000e+00
  0.00000000000000e+00
  0.00000000000000e+00
  0.00000000000000e+00
  0.00000000000000e+00
  0.00000000000000e+00
  0.00000000000000e+00
  0.00000000000000e+00
  0.00000000000000e+00
  0.00000000000000e+00
  0.00000000000000e+00
  0.00000000000000e+00
  0.00000000000000e+00
  0.00000000000000e+00
 -2.09183781407773e-11
 -1.75282476046100e+02
 -1.00000000000000e-02
 -1.39607436722144e-10
 -1.75282476046109e+02
 -1.00000000000000e-02
 -1.01408659247681e-10
 -1.75282476046106e+02
 -1.00000000000000e-02
 -4.77484718430787e-11
 -1.75282476046082e+02
 -1.00000000000000e-02
 -1.18234311230481e-11
 -3.61194592454677e+02
 -1.00000000000000e-02
 -6.45741238258779e-11
 -3.61194592454670e+02
 -1.00000000000000e-02
 -6.95763446856290e-11
 -3.61194592454648e+02
 -1.00000000000000e-02
 -2.91038304567337e-11
 -3.61194592454646e+02
 -1.00000000000000e-02
 -9.27684595808387e-11
 -3.39999761228641e+02
 -1.00000000000000e-02
 -1.02318153949454e-10
 -3.39999761228636e+02
 -1.00000000000000e-02
 -1.26874510897323e-10
 -3.39999761228629e+02
 -1.00000000000000e-02
 -8.18545231595635e-11
 -3.39999761228632e+02
 -1.00000000000000e-02
 -4.00177668780088e-11
  3.64515376035250e+02
 -1.00000000000000e-02
 -6.09361450187862e-11
  3.64515376035255e+02
 -1.00000000000000e-02
 -1.14596332423389e-10
  3.64515376035265e+02
 -1.00000000000000e-02
 -4.41104930359870e-11
  3.64515376035272e+02
 -1.00000000000000e-02
  3.27418092638254e-11
  4.75555625976752e+02
 -1.00000000000000e-02
  4.95674612466246e-11
  4.75555625976739e+02
 -1.00000000000000e-02
  5.77529135625809e-11
  4.75555625976729e+02
 -1.00000000000000e-02
  1.98269844986498e-10
  4.75555625976752e+02
 -1.00000000000000e-02
 -3.86535248253495e-11
  5.44246564167639e+03
  1.72334637316247e+04
  0.00000000000000e+00
 -4.04725142288953e-11
  5.44246564167639e+03
  1.72334637316248e+04
  0.00000000000000e+00
 -4.41104930359870e-11
  5.44246564167638e+03
  1.72334637316248e+04
  0.00000000000000e+00
 -1.68256519827992e-11
  5.44246564167637e+03
  1.72334637316247e+04
  0.00000000000000e+00
  0.00000000000000e+00
  0.00000000000000e+00
  0.00000000000000e+00
  0.00000000000000e+00
  0.00000000000000e+00
  0.00000000000000e+00
  0.00000000000000e+00
  0.00000000000000e+00
  0.00000000000000e+00
  0.00000000000000e+00
  0.00000000000000e+00
  0.00000000000000e+00
  0.00000000000000e+00
  0.00000000000000e+00
  0.00000000000000e+00
  0.00000000000000e+00
  0.00000000000000e+00
  0.00000000000000e+00
  0.00000000000000e+00
  0.00000000000000e+00
  0.00000000000000e+00
  0.00000000000000e+00
  0.00000000000000e+00
  0.00000000000000e+00
  0.00000000000000e+00
  0.00000000000000e+00
  0.00000000000000e+00
  0.00000000000000e+00
  0.00000000000000e+00
  0.00000000000000e+00
  0.00000000000000e+00
  0.00000000000000e+00
  0.00000000000000e+00
  0.00000000000000e+00
  0.00000000000000e+00
  0.00000000000000e+00
  0.00000000000000e+00
  0.00000000000000e+00
  0.00000000000000e+00
  0.00000000000000e+00
  0.00000000000000e+00
  0.00000000000000e+00
  0.00000000000000e+00
  0.00000000000000e+00
  0.00000000000000e+00
  0.00000000000000e+00
  0.00000000000000e+00
  0.00000000000000e+00
  0.00000000000000e+00
  0.00000000000000e+00
  0.00000000000000e+00
  0.00000000000000e+00
  0.00000000000000e+00
  0.00000000000000e+00
  0.00000000000000e+00
  0.00000000000000e+00
  0.00000000000000e+00
  0.00000000000000e+00
  0.00000000000000e+00
  0.00000000000000e+00
  0.00000000000000e+00
  0.00000000000000e+00
  0.00000000000000e+00
  0.00000000000000e+00
  0.00000000000000e+00
  0.00000000000000e+00
  0.00000000000000e+00
  0.00000000000000e+00
  0.00000000000000e+00
  0.00000000000000e+00
  0.00000000000000e+00
  0.00000000000000e+00
  0.00000000000000e+00
  0.00000000000000e+00
  0.00000000000000e+00
  0.00000000000000e+00
  0.00000000000000e+00
  0.00000000000000e+00
  0.00000000000000e+00
  0.00000000000000e+00
  0.00000000000000e+00
  0.00000000000000e+00
  0.00000000000000e+00
  0.00000000000000e+00
  0.00000000000000e+00
  0.00000000000000e+00
  0.00000000000000e+00
  0.00000000000000e+00
  0.00000000000000e+00
  0.00000000000000e+00
  0.00000000000000e+00
  0.00000000000000e+00
  0.00000000000000e+00
  0.00000000000000e+00
  0.00000000000000e+00
  0.00000000000000e+00
  0.00000000000000e+00
  0.00000000000000e+00
  0.00000000000000e+00
  0.00000000000000e+00
  0.00000000000000e+00
  0.00000000000000e+00
  0.00000000000000e+00
  0.00000000000000e+00
  0.00000000000000e+00
  0.00000000000000e+00
  0.00000000000000e+00
  0.00000000000000e+00
  0.00000000000000e+00
  0.00000000000000e+00
  0.00000000000000e+00
  0.00000000000000e+00
  0.00000000000000e+00
  0.00000000000000e+00
  0.00000000000000e+00
  0.00000000000000e+00
  0.00000000000000e+00
  0.00000000000000e+00
  0.00000000000000e+00
  0.00000000000000e+00
  0.00000000000000e+00
  0.00000000000000e+00
  0.00000000000000e+00
  0.00000000000000e+00
  0.00000000000000e+00
  0.00000000000000e+00
  0.00000000000000e+00
  0.00000000000000e+00
  0.00000000000000e+00
  0.00000000000000e+00
  0.00000000000000e+00
  0.00000000000000e+00
  0.00000000000000e+00
  0.00000000000000e+00
  0.00000000000000e+00
  0.00000000000000e+00
  0.00000000000000e+00
  0.00000000000000e+00
  0.00000000000000e+00
  0.00000000000000e+00
  0.00000000000000e+00
  0.00000000000000e+00
  0.00000000000000e+00
  0.00000000000000e+00
  0.00000000000000e+00
  0.00000000000000e+00
  0.00000000000000e+00
  0.00000000000000e+00
  0.00000000000000e+00
  0.00000000000000e+00
  0.00000000000000e+00
  0.00000000000000e+00
  0.00000000000000e+00
  0.00000000000000e+00
  0.00000000000000e+00
  0.00000000000000e+00
  0.00000000000000e+00
  0.00000000000000e+00
  0.00000000000000e+00
  0.00000000000000e+00
 -2.27373675443232e-11
  0.00000000000000e+00
  1.66221001512023e+04
 -7.50333128962666e-11
  0.00000000000000e+00
  1.66221001512023e+04
 -6.09361450187862e-11
  0.00000000000000e+00
  1.66221001512023e+04
 -4.68389771413058e-11
  0.00000000000000e+00
  1.66221001512023e+04
  0.00000000000000e+00
  0.00000000000000e+00
  0.00000000000000e+00
  0.00000000000000e+00
  0.00000000000000e+00
  0.00000000000000e+00
  0.00000000000000e+00
  3.44616679137280e+02
  1.57785075842305e+04
  0.00000000000000e+00
  2.99800791533918e+02
  1.45312774344322e+04
  0.00000000000000e+00
 -2.34529969221152e+02
  1.52768738704856e+04
  0.00000000000000e+00
 -2.50487242969167e+02
  1.59591767264535e+04
  0.00000000000000e+00
 -1.21058286540951e+02
  1.65572696749427e+04
  0.00000000000000e+00
  0.00000000000000e+00
  0.00000000000000e+00
  0.00000000000000e+00
  0.00000000000000e+00
  0.00000000000000e+00
  0.00000000000000e+00
  0.00000000000000e+00
  0.00000000000000e+00
  0.00000000000000e+00
  0.00000000000000e+00
  0.00000000000000e+00
  0.00000000000000e+00
  0.00000000000000e+00
  0.00000000000000e+00
  0.00000000000000e+00
  0.00000000000000e+00
  0.00000000000000e+00
  0.00000000000000e+00
  0.00000000000000e+00
  0.00000000000000e+00
  0.00000000000000e+00
  0.00000000000000e+00
  0.00000000000000e+00
  0.00000000000000e+00
  0.00000000000000e+00
  0.00000000000000e+00
  0.00000000000000e+00
  0.00000000000000e+00
  0.00000000000000e+00
  0.00000000000000e+00
  0.00000000000000e+00
  0.00000000000000e+00
  0.00000000000000e+00
  0.00000000000000e+00
  0.00000000000000e+00
  0.00000000000000e+00
  0.00000000000000e+00
  0.00000000000000e+00
  0.00000000000000e+00
  0.00000000000000e+00
  0.00000000000000e+00
  0.00000000000000e+00
  0.00000000000000e+00
  0.00000000000000e+00
  0.00000000000000e+00
  0.00000000000000e+00
  0.00000000000000e+00
  0.00000000000000e+00
  3.44616679137298e+02
  1.57785075842306e+04
  0.00000000000000e+00
  2.99800791533910e+02
  1.45312774344323e+04
  0.00000000000000e+00
 -2.34529969221168e+02
  1.52768738704856e+04
  0.00000000000000e+00
 -2.50487242969180e+02
  1.59591767264536e+04
  0.00000000000000e+00
 -1.21058286540966e+02
  1.65572696749428e+04
  0.00000000000000e+00
  0.00000000000000e+00
  0.00000000000000e+00
  0.00000000000000e+00
  0.00000000000000e+00
  0.00000000000000e+00
  0.00000000000000e+00
  0.00000000000000e+00
  0.00000000000000e+00
  0.00000000000000e+00
  0.00000000000000e+00
  0.00000000000000e+00
  0.00000000000000e+00
  0.00000000000000e+00
  0.00000000000000e+00
  0.00000000000000e+00
  0.00000000000000e+00
  0.00000000000000e+00
  0.00000000000000e+00
  0.00000000000000e+00
  0.00000000000000e+00
  0.00000000000000e+00
  0.00000000000000e+00
  0.00000000000000e+00
  0.00000000000000e+00
  0.00000000000000e+00
  0.00000000000000e+00
  0.00000000000000e+00
  0.00000000000000e+00
  0.00000000000000e+00
  0.00000000000000e+00
  0.00000000000000e+00
  0.00000000000000e+00
  0.00000000000000e+00
  0.00000000000000e+00
  0.00000000000000e+00
  0.00000000000000e+00
  0.00000000000000e+00
  0.00000000000000e+00
  0.00000000000000e+00
  0.00000000000000e+00
  0.00000000000000e+00
  0.00000000000000e+00
  0.00000000000000e+00
  0.00000000000000e+00
  0.00000000000000e+00
  0.00000000000000e+00
  0.00000000000000e+00
  0.00000000000000e+00
  0.00000000000000e+00
  0.00000000000000e+00
  0.00000000000000e+00
  0.00000000000000e+00
  0.00000000000000e+00
  0.00000000000000e+00
  0.00000000000000e+00
  0.00000000000000e+00
  0.00000000000000e+00
  0.00000000000000e+00
  0.00000000000000e+00
  0.00000000000000e+00
  0.00000000000000e+00
  0.00000000000000e+00
  0.00000000000000e+00
  0.00000000000000e+00
  0.00000000000000e+00
  0.00000000000000e+00
  0.00000000000000e+00
  0.00000000000000e+00
  0.00000000000000e+00
  0.00000000000000e+00
  0.00000000000000e+00
  0.00000000000000e+00
  0.00000000000000e+00
  0.00000000000000e+00
  0.00000000000000e+00
  0.00000000000000e+00
  0.00000000000000e+00
  0.00000000000000e+00
  0.00000000000000e+00
  0.00000000000000e+00
  0.00000000000000e+00
  0.00000000000000e+00
  0.00000000000000e+00
  0.00000000000000e+00
  0.00000000000000e+00
  0.00000000000000e+00
  0.00000000000000e+00
  0.00000000000000e+00
  0.00000000000000e+00
  0.00000000000000e+00
  0.00000000000000e+00
  0.00000000000000e+00
  0.00000000000000e+00
  0.00000000000000e+00
  0.00000000000000e+00
  1.95541360881180e-11
  6.89233358274588e+02
  3.15570151684611e+04
 -9.09494701772928e-13
  6.89233358274572e+02
  3.15570151684612e+04
 -3.18323145620525e-12
  6.89233358274566e+02
  3.15570151684613e+04
  7.32143234927207e-11
  6.89233358274561e+02
  3.15570151684612e+04
 -8.59472493175417e-11
  5.99601583067831e+02
  2.90625548688645e+04
 -1.27329258248210e-10
  5.99601583067845e+02
  2.90625548688645e+04
 -8.45830072648823e-11
  5.99601583067849e+02
  2.90625548688645e+04
 -8.18545231595635e-12
  5.99601583067833e+02
  2.90625548688645e+04
 -7.23048287909478e-11
 -4.69059938442320e+02
  3.05537477409712e+04
 -9.36779542826116e-11
 -4.69059938442311e+02
  3.05537477409713e+04
 -6.00266503170133e-11
 -4.69059938442309e+02
  3.05537477409713e+04
 -3.36513039655983e-11
 -4.69059938442319e+02
  3.05537477409713e+04
 -4.09272615797818e-12
 -5.00974485938355e+02
  3.19183534529071e+04
 -9.64064383879304e-11
 -5.00974485938350e+02
  3.19183534529072e+04
 -8.32187652122229e-11
 -5.00974485938340e+02
  3.19183534529072e+04
 -1.36424205265939e-12
 -5.00974485938345e+02
  3.19183534529072e+04
 -3.00133251585066e-11
 -2.42116573081934e+02
  3.31145393498855e+04
 -1.48702383739874e-10
 -2.42116573081933e+02
  3.31145393498855e+04
 -1.11413100967184e-10
 -2.42116573081942e+02
  3.31145393498855e+04
 -4.91127138957381e-11
 -2.42116573081921e+02
  3.31145393498855e+04
  0.00000000000000e+00
  0.00000000000000e+00
  0.00000000000000e+00
  0.00000000000000e+00
  0.00000000000000e+00
  0.00000000000000e+00
  0.00000000000000e+00
  0.00000000000000e+00
  0.00000000000000e+00
  0.00000000000000e+00
  0.00000000000000e+00
  0.00000000000000e+00
  0.00000000000000e+00
  0.00000000000000e+00
  0.00000000000000e+00
  0.00000000000000e+00
  0.00000000000000e+00
  0.00000000000000e+00
  0.00000000000000e+00
  0.00000000000000e+00
  0.00000000000000e+00
  0.00000000000000e+00
  0.00000000000000e+00
  0.00000000000000e+00
  0.00000000000000e+00
  0.00000000000000e+00
  0.00000000000000e+00
  0.00000000000000e+00
  0.00000000000000e+00
  0.00000000000000e+00
  0.00000000000000e+00
  0.00000000000000e+00
  0.00000000000000e+00
  0.00000000000000e+00
  0.00000000000000e+00
  0.00000000000000e+00
  0.00000000000000e+00
  0.00000000000000e+00
  0.00000000000000e+00
  0.00000000000000e+00
  0.00000000000000e+00
  0.00000000000000e+00
  0.00000000000000e+00
  0.00000000000000e+00
  0.00000000000000e+00
  0.00000000000000e+00
  0.00000000000000e+00
  0.00000000000000e+00
  0.00000000000000e+00
  0.00000000000000e+00
  0.00000000000000e+00
  0.00000000000000e+00
  0.00000000000000e+00
  0.00000000000000e+00
  0.00000000000000e+00
  0.00000000000000e+00
  0.00000000000000e+00
  0.00000000000000e+00
  0.00000000000000e+00
  0.00000000000000e+00
  0.00000000000000e+00
  0.00000000000000e+00
  0.00000000000000e+00
  0.00000000000000e+00
  0.00000000000000e+00
  0.00000000000000e+00
  0.00000000000000e+00
  0.00000000000000e+00
  0.00000000000000e+00
  0.00000000000000e+00
  0.00000000000000e+00
  0.00000000000000e+00
  0.00000000000000e+00
  0.00000000000000e+00
  0.00000000000000e+00
  0.00000000000000e+00
  0.00000000000000e+00
  0.00000000000000e+00
  0.00000000000000e+00
  0.00000000000000e+00
  0.00000000000000e+00
  0.00000000000000e+00
  0.00000000000000e+00
  0.00000000000000e+00
  0.00000000000000e+00
  0.00000000000000e+00
  0.00000000000000e+00
  0.00000000000000e+00
  0.00000000000000e+00
  0.00000000000000e+00
  0.00000000000000e+00
  0.00000000000000e+00
  0.00000000000000e+00
  0.00000000000000e+00
  0.00000000000000e+00
  0.00000000000000e+00
  0.00000000000000e+00
  0.00000000000000e+00
  0.00000000000000e+00
  0.00000000000000e+00
  0.00000000000000e+00
  0.00000000000000e+00
  0.00000000000000e+00
  0.00000000000000e+00
  0.00000000000000e+00
  0.00000000000000e+00
  0.00000000000000e+00
  0.00000000000000e+00
  0.00000000000000e+00
  0.00000000000000e+00
  0.00000000000000e+00
  0.00000000000000e+00
  0.00000000000000e+00
  0.00000000000000e+00
  0.00000000000000e+00
  0.00000000000000e+00
  0.00000000000000e+00
  0.00000000000000e+00
  0.00000000000000e+00
  0.00000000000000e+00
  0.00000000000000e+00
  0.00000000000000e+00
  0.00000000000000e+00
  0.00000000000000e+00
  0.00000000000000e+00
  0.00000000000000e+00
  0.00000000000000e+00
  0.00000000000000e+00
  0.00000000000000e+00
  0.00000000000000e+00
  0.00000000000000e+00
  0.00000000000000e+00
  0.00000000000000e+00
  0.00000000000000e+00
  0.00000000000000e+00
  0.00000000000000e+00
  0.00000000000000e+00
  0.00000000000000e+00
  0.00000000000000e+00
  0.00000000000000e+00
  0.00000000000000e+00
  0.00000000000000e+00
  0.00000000000000e+00
  0.00000000000000e+00
  0.00000000000000e+00
  0.00000000000000e+00
  0.00000000000000e+00
  0.00000000000000e+00
  0.00000000000000e+00
  0.00000000000000e+00
  0.00000000000000e+00
  0.00000000000000e+00
  0.00000000000000e+00
  0.00000000000000e+00
  0.00000000000000e+00
  0.00000000000000e+00
  0.00000000000000e+00
  0.00000000000000e+00
  0.00000000000000e+00
  0.00000000000000e+00
  0.00000000000000e+00
  0.00000000000000e+00
  0.00000000000000e+00
  0.00000000000000e+00
  0.00000000000000e+00
  0.00000000000000e+00
  0.00000000000000e+00
  0.00000000000000e+00
  0.00000000000000e+00
  0.00000000000000e+00
  0.00000000000000e+00
  0.00000000000000e+00
  0.00000000000000e+00
  0.00000000000000e+00
  0.00000000000000e+00
  0.00000000000000e+00
  0.00000000000000e+00
  0.00000000000000e+00
  0.00000000000000e+00
  0.00000000000000e+00
  0.00000000000000e+00
  0.00000000000000e+00
  0.00000000000000e+00
  0.00000000000000e+00
  0.00000000000000e+00
  0.00000000000000e+00
  0.00000000000000e+00
  0.00000000000000e+00
  0.00000000000000e+00
  0.00000000000000e+00
  0.00000000000000e+00
  0.00000000000000e+00
 -8.10769051895477e-11
 -1.11039325020658e+04
 -1.00000000000000e-02
  0.00000000000000e+00
 -8.80345396581106e-11
 -1.11039325020658e+04
 -1.00000000000000e-02
  0.00000000000000e+00
 -4.12546796724200e-11
 -1.11039325020658e+04
 -1.00000000000000e-02
  0.00000000000000e+00
 -1.88174453796819e-11
 -1.11039325020658e+04
 -1.00000000000000e-02
  0.00000000000000e+00
 -2.12003214983270e-11
 -1.11039325020659e+04
 -1.00000000000000e-02
  0.00000000000000e+00
 -2.55267909904767e-68
  0.00000000000000e+00
 -1.96181649134258e-52
 -1.96181649134258e-54
  1.33814908879225e-52
  0.00000000000000e+00
 -1.84861587044508e-36
 -1.84861587044508e-38
 -1.13636150460593e-51
  0.00000000000000e+00
  5.38707078810679e-36
  5.38707078810678e-38
  4.28001126199653e-55
  0.00000000000000e+00
 -3.21257618744542e-37
 -3.21257618744542e-39
 -7.57025210749741e-37
  0.00000000000000e+00
  6.38452894577267e-21
  6.38452894577267e-23
  1.04341779660899e-11
  0.00000000000000e+00
 -1.00000000000000e-02
 -1.97474037122447e-11
  0.00000000000000e+00
 -1.00000000000000e-02
 -2.95949575956911e-11
  0.00000000000000e+00
 -1.00000000000000e-02
 -1.16347109724302e-11
  0.00000000000000e+00
 -1.00000000000000e-02
 -1.70757630257867e-11
  0.00000000000000e+00
 -1.00000000000000e-02
  0.00000000000000e+00
  0.00000000000000e+00
 -1.32925796517692e+04
  0.00000000000000e+00
  0.00000000000000e+00
  0.00000000000000e+00
  0.00000000000000e+00
  0.00000000000000e+00
  0.00000000000000e+00
  0.00000000000000e+00
  0.00000000000000e+00
  0.00000000000000e+00
  0.00000000000000e+00
  0.00000000000000e+00
  0.00000000000000e+00
  0.00000000000000e+00
  0.00000000000000e+00
  0.00000000000000e+00
  0.00000000000000e+00
 -6.56690797728059e+03
 -1.37825464283484e+04
  0.00000000000000e+00
  0.00000000000000e+00
  0.00000000000000e+00
  0.00000000000000e+00
  0.00000000000000e+00
  0.00000000000000e+00
  0.00000000000000e+00
  0.00000000000000e+00
  0.00000000000000e+00
  0.00000000000000e+00
  0.00000000000000e+00
  0.00000000000000e+00
  0.00000000000000e+00
  0.00000000000000e+00
  0.00000000000000e+00
  0.00000000000000e+00
  0.00000000000000e+00
  0.00000000000000e+00
  0.00000000000000e+00
  0.00000000000000e+00
  0.00000000000000e+00
  0.00000000000000e+00
  0.00000000000000e+00
  0.00000000000000e+00
  0.00000000000000e+00
  0.00000000000000e+00
  0.00000000000000e+00
  0.00000000000000e+00
  0.00000000000000e+00
  0.00000000000000e+00
  0.00000000000000e+00
  0.00000000000000e+00
  0.00000000000000e+00
  0.00000000000000e+00
 -8.23586302644344e+00
 -1.00000000000000e-02
  0.00000000000000e+00
 -6.00337180101424e+01
 -1.00000000000000e-02
  0.00000000000000e+00
 -7.86243887545966e+01
 -1.00000000000000e-02
  0.00000000000000e+00
 -4.66364400258662e+01
 -1.00000000000000e-02
  0.00000000000000e+00
  2.59331703766558e+02
 -1.00000000000000e-02
  0.00000000000000e+00
 -3.04841835221878e+01
 -1.00000000000000e-02
  0.00000000000000e+00
  0.00000000000000e+00
 -1.32925796517693e+04
  0.00000000000000e+00
  0.00000000000000e+00
  0.00000000000000e+00
  0.00000000000000e+00
  0.00000000000000e+00
  0.00000000000000e+00
  0.00000000000000e+00
  0.00000000000000e+00
  0.00000000000000e+00
  0.00000000000000e+00
  0.00000000000000e+00
  0.00000000000000e+00
  0.00000000000000e+00
  0.00000000000000e+00
  0.00000000000000e+00
  0.00000000000000e+00
 -6.56690797728064e+03
 -1.37825464283484e+04
  0.00000000000000e+00
  0.00000000000000e+00
  0.00000000000000e+00
  0.00000000000000e+00
  0.00000000000000e+00
  0.00000000000000e+00
  0.00000000000000e+00
  0.00000000000000e+00
  0.00000000000000e+00
  0.00000000000000e+00
  0.00000000000000e+00
  0.00000000000000e+00
  0.00000000000000e+00
  0.00000000000000e+00
  0.00000000000000e+00
  0.00000000000000e+00
  0.00000000000000e+00
  0.00000000000000e+00
  0.00000000000000e+00
  0.00000000000000e+00
  0.00000000000000e+00
  0.00000000000000e+00
  0.00000000000000e+00
  0.00000000000000e+00
  0.00000000000000e+00
  0.00000000000000e+00
  0.00000000000000e+00
  0.00000000000000e+00
  0.00000000000000e+00
  0.00000000000000e+00
  0.00000000000000e+00
  0.00000000000000e+00
  0.00000000000000e+00
  0.00000000000000e+00
 -8.23586302644344e+00
 -1.00000000000000e-02
  0.00000000000000e+00
 -6.00337180101537e+01
 -1.00000000000000e-02
  0.00000000000000e+00
 -7.86243887545979e+01
 -1.00000000000000e-02
  0.00000000000000e+00
 -4.66364400258662e+01
 -1.00000000000000e-02
  0.00000000000000e+00
  2.59331703766566e+02
 -1.00000000000000e-02
  0.00000000000000e+00
 -3.04841835221855e+01
 -1.00000000000000e-02
  0.00000000000000e+00
  0.00000000000000e+00
  0.00000000000000e+00
  0.00000000000000e+00
  0.00000000000000e+00
  0.00000000000000e+00
  0.00000000000000e+00
  0.00000000000000e+00
  0.00000000000000e+00
  0.00000000000000e+00
  0.00000000000000e+00
  0.00000000000000e+00
  0.00000000000000e+00
  0.00000000000000e+00
  0.00000000000000e+00
  0.00000000000000e+00
  0.00000000000000e+00
  0.00000000000000e+00
  0.00000000000000e+00
  0.00000000000000e+00
  0.00000000000000e+00
  0.00000000000000e+00
  0.00000000000000e+00
  0.00000000000000e+00
  0.00000000000000e+00
  0.00000000000000e+00
  0.00000000000000e+00
  0.00000000000000e+00
  0.00000000000000e+00
  0.00000000000000e+00
  0.00000000000000e+00
  0.00000000000000e+00
  0.00000000000000e+00
  0.00000000000000e+00
  0.00000000000000e+00
  0.00000000000000e+00
  0.00000000000000e+00
  0.00000000000000e+00
  0.00000000000000e+00
  0.00000000000000e+00
  0.00000000000000e+00
  0.00000000000000e+00
  0.00000000000000e+00
  0.00000000000000e+00
  0.00000000000000e+00
  0.00000000000000e+00
  0.00000000000000e+00
  0.00000000000000e+00
  0.00000000000000e+00
  0.00000000000000e+00
  0.00000000000000e+00
  0.00000000000000e+00
  0.00000000000000e+00
  0.00000000000000e+00
  0.00000000000000e+00
  0.00000000000000e+00
  0.00000000000000e+00
  0.00000000000000e+00
  0.00000000000000e+00
  0.00000000000000e+00
  0.00000000000000e+00
  0.00000000000000e+00
  0.00000000000000e+00
  0.00000000000000e+00
  0.00000000000000e+00
  0.00000000000000e+00
  0.00000000000000e+00
  0.00000000000000e+00
  0.00000000000000e+00
  0.00000000000000e+00
  0.00000000000000e+00
  0.00000000000000e+00
  0.00000000000000e+00
  0.00000000000000e+00
  0.00000000000000e+00
  0.00000000000000e+00
  0.00000000000000e+00
  0.00000000000000e+00
  0.00000000000000e+00
  0.00000000000000e+00
  0.00000000000000e+00
  0.00000000000000e+00
  0.00000000000000e+00
  0.00000000000000e+00
  0.00000000000000e+00
  0.00000000000000e+00
  0.00000000000000e+00
  0.00000000000000e+00
  0.00000000000000e+00
  0.00000000000000e+00
  0.00000000000000e+00
  0.00000000000000e+00
  0.00000000000000e+00
  0.00000000000000e+00
  0.00000000000000e+00
  0.00000000000000e+00
  0.00000000000000e+00
  0.00000000000000e+00
  0.00000000000000e+00
  0.00000000000000e+00
  0.00000000000000e+00
  0.00000000000000e+00
  0.00000000000000e+00
  0.00000000000000e+00
  0.00000000000000e+00
  0.00000000000000e+00
  0.00000000000000e+00
  0.00000000000000e+00
  0.00000000000000e+00
  0.00000000000000e+00
  0.00000000000000e+00
  0.00000000000000e+00
  0.00000000000000e+00
  0.00000000000000e+00
  0.00000000000000e+00
  0.00000000000000e+00
  0.00000000000000e+00
  0.00000000000000e+00
  0.00000000000000e+00
  0.00000000000000e+00
  0.00000000000000e+00
  0.00000000000000e+00
  0.00000000000000e+00
  0.00000000000000e+00
  0.00000000000000e+00
  0.00000000000000e+00
  0.00000000000000e+00
  0.00000000000000e+00
  0.00000000000000e+00
  0.00000000000000e+00
  0.00000000000000e+00
  0.00000000000000e+00
  0.00000000000000e+00
  0.00000000000000e+00
  0.00000000000000e+00
  0.00000000000000e+00
  0.00000000000000e+00
  0.00000000000000e+00
  0.00000000000000e+00
  0.00000000000000e+00
  0.00000000000000e+00
  0.00000000000000e+00
  0.00000000000000e+00
  0.00000000000000e+00
  0.00000000000000e+00
  0.00000000000000e+00
  0.00000000000000e+00
  0.00000000000000e+00
  0.00000000000000e+00
  0.00000000000000e+00
  0.00000000000000e+00
  0.00000000000000e+00
  0.00000000000000e+00
  0.00000000000000e+00
  0.00000000000000e+00
  0.00000000000000e+00
 -2.54658516496420e-11
 -1.64717260528919e+01
 -1.00000000000000e-02
 -5.82076609134674e-11
 -1.64717260529001e+01
 -1.00000000000000e-02
 -5.45696821063757e-11
 -1.64717260528955e+01
 -1.00000000000000e-02
 -2.36468622460961e-11
 -1.64717260529096e+01
 -1.00000000000000e-02
  3.27418092638254e-11
 -1.20067436020307e+02
 -1.00000000000000e-02
 -2.72848410531878e-12
 -1.20067436020287e+02
 -1.00000000000000e-02
 -3.72892827726901e-11
 -1.20067436020295e+02
 -1.00000000000000e-02
  4.63842297904193e-11
 -1.20067436020299e+02
 -1.00000000000000e-02
  1.27329258248210e-11
 -1.57248777509193e+02
 -1.00000000000000e-02
  6.36646291241050e-12
 -1.57248777509190e+02
 -1.00000000000000e-02
 -3.54702933691442e-11
 -1.57248777509199e+02
 -1.00000000000000e-02
 -2.18278728425503e-11
 -1.57248777509215e+02
 -1.00000000000000e-02
 -6.73026079311967e-11
 -9.32728800517339e+01
 -1.00000000000000e-02
 -8.00355337560177e-11
 -9.32728800517298e+01
 -1.00000000000000e-02
 -2.18278728425503e-11
 -9.32728800517366e+01
 -1.00000000000000e-02
 -2.18278728425503e-11
 -9.32728800517357e+01
 -1.00000000000000e-02
  5.72981662116945e-11
  5.18663407533141e+02
 -1.00000000000000e-02
 -9.09494701772928e-12
  5.18663407533144e+02
 -1.00000000000000e-02
  4.36557456851006e-11
  5.18663407533134e+02
 -1.00000000000000e-02
  3.27418092638254e-11
  5.18663407533099e+02
 -1.00000000000000e-02
 -1.16415321826935e-10
 -6.09683670443787e+01
 -1.00000000000000e-02
 -1.00953911896795e-10
 -6.09683670443846e+01
 -1.00000000000000e-02
 -1.22781784739345e-10
 -6.09683670443978e+01
 -1.00000000000000e-02
 -1.01863406598568e-10
 -6.09683670443901e+01
 -1.00000000000000e-02
 -2.46546960624983e-11
 -7.16099082144451e+01
 -1.00000000000000e-02
  1.70030034496449e-11
 -7.16099082144365e+01
 -1.00000000000000e-02
 -6.13152906225878e-11
 -7.16099082144424e+01
 -1.00000000000000e-02
 -2.37901076616254e-11
 -7.16099082144460e+01
 -1.00000000000000e-02
  4.17259116147762e-11
 -7.16099082144215e+01
 -1.00000000000000e-02
  2.72370925813448e-11
 -1.39389865895365e+02
 -1.00000000000000e-02
 -5.73078295929008e-11
 -1.39389865895357e+02
 -1.00000000000000e-02
 -3.32511262968182e-11
 -1.39389865895348e+02
 -1.00000000000000e-02
 -4.10551592722186e-12
 -1.39389865895366e+02
 -1.00000000000000e-02
  2.32031993618876e-11
 -1.39389865895348e+02
 -1.00000000000000e-02
  8.17220779936179e-11
 -1.25754294125544e+02
 -1.00000000000000e-02
 -2.18901163862029e-11
 -1.25754294125534e+02
 -1.00000000000000e-02
  3.24754978464625e-11
 -1.25754294125536e+02
 -1.00000000000000e-02
  2.76057221526571e-11
 -1.25754294125543e+02
 -1.00000000000000e-02
  3.24811821883486e-11
 -1.25754294125538e+02
 -1.00000000000000e-02
  2.59481680586760e-11
  1.36805950180885e+02
 -1.00000000000000e-02
 -6.73801991979417e-11
  1.36805950180896e+02
 -1.00000000000000e-02
  9.66025481830005e-12
  1.36805950180893e+02
 -1.00000000000000e-02
  7.44725525692047e-11
  1.36805950180889e+02
 -1.00000000000000e-02
  5.46114620192384e-11
  1.36805950180883e+02
 -1.00000000000000e-02
 -5.92649485042784e-11
  2.16576769944611e+02
 -1.00000000000000e-02
 -7.55358087189961e-11
  2.16576769944603e+02
 -1.00000000000000e-02
 -1.11016333903535e-10
  2.16576769944588e+02
 -1.00000000000000e-02
 -2.37020003623911e-11
  2.16576769944587e+02
 -1.00000000000000e-02
 -8.55931148180389e-11
  2.16576769944593e+02
 -1.00000000000000e-02
  1.39152689371258e-10
 -1.31338159545612e+04
 -2.75650928566969e+04
  0.00000000000000e+00
  7.45785655453801e-11
 -1.31338159545612e+04
 -2.75650928566969e+04
  0.00000000000000e+00
  9.73159330897033e-11
 -1.31338159545612e+04
 -2.75650928566969e+04
  0.00000000000000e+00
  8.27640178613365e-11
 -1.31338159545612e+04
 -2.75650928566968e+04
  0.00000000000000e+00
  0.00000000000000e+00
  0.00000000000000e+00
  0.00000000000000e+00
  0.00000000000000e+00
  0.00000000000000e+00
  0.00000000000000e+00
  0.00000000000000e+00
  0.00000000000000e+00
  0.00000000000000e+00
  0.00000000000000e+00
  0.00000000000000e+00
  0.00000000000000e+00
  0.00000000000000e+00
  0.00000000000000e+00
  0.00000000000000e+00
  0.00000000000000e+00
  0.00000000000000e+00
  0.00000000000000e+00
  0.00000000000000e+00
  0.00000000000000e+00
  0.00000000000000e+00
  0.00000000000000e+00
  0.00000000000000e+00
  0.00000000000000e+00
  0.00000000000000e+00
  0.00000000000000e+00
  0.00000000000000e+00
  0.00000000000000e+00
  0.00000000000000e+00
  0.00000000000000e+00
  0.00000000000000e+00
  0.00000000000000e+00
  0.00000000000000e+00
  0.00000000000000e+00
  0.00000000000000e+00
  0.00000000000000e+00
  0.00000000000000e+00
  0.00000000000000e+00
  0.00000000000000e+00
  0.00000000000000e+00
  0.00000000000000e+00
  0.00000000000000e+00
  0.00000000000000e+00
  0.00000000000000e+00
  0.00000000000000e+00
  0.00000000000000e+00
  0.00000000000000e+00
  0.00000000000000e+00
  0.00000000000000e+00
  0.00000000000000e+00
  0.00000000000000e+00
  0.00000000000000e+00
  0.00000000000000e+00
  0.00000000000000e+00
  0.00000000000000e+00
  0.00000000000000e+00
  0.00000000000000e+00
  0.00000000000000e+00
  0.00000000000000e+00
  0.00000000000000e+00
  0.00000000000000e+00
  0.00000000000000e+00
  0.00000000000000e+00
  0.00000000000000e+00
  0.00000000000000e+00
  0.00000000000000e+00
  0.00000000000000e+00
  0.00000000000000e+00
  0.00000000000000e+00
  0.00000000000000e+00
  0.00000000000000e+00
  0.00000000000000e+00
  0.00000000000000e+00
  0.00000000000000e+00
  0.00000000000000e+00
  0.00000000000000e+00
  0.00000000000000e+00
  0.00000000000000e+00
  0.00000000000000e+00
  0.00000000000000e+00
  0.00000000000000e+00
  0.00000000000000e+00
  0.00000000000000e+00
  0.00000000000000e+00
  0.00000000000000e+00
  0.00000000000000e+00
  0.00000000000000e+00
  0.00000000000000e+00
  0.00000000000000e+00
  0.00000000000000e+00
  0.00000000000000e+00
  0.00000000000000e+00
  0.00000000000000e+00
  0.00000000000000e+00
  0.00000000000000e+00
  0.00000000000000e+00
  0.00000000000000e+00
  0.00000000000000e+00
  0.00000000000000e+00
  0.00000000000000e+00
  0.00000000000000e+00
  0.00000000000000e+00
  0.00000000000000e+00
  0.00000000000000e+00
  0.00000000000000e+00
  0.00000000000000e+00
  0.00000000000000e+00
  0.00000000000000e+00
  0.00000000000000e+00
  0.00000000000000e+00
  0.00000000000000e+00
  0.00000000000000e+00
  0.00000000000000e+00
  0.00000000000000e+00
  0.00000000000000e+00
  0.00000000000000e+00
  0.00000000000000e+00
  0.00000000000000e+00
  0.00000000000000e+00
  0.00000000000000e+00
  0.00000000000000e+00
  0.00000000000000e+00
  0.00000000000000e+00
  0.00000000000000e+00
  0.00000000000000e+00
  0.00000000000000e+00
  0.00000000000000e+00
  0.00000000000000e+00
 -9.13132680580020e-12
 -2.18615935959333e+03
 -6.84407555760003e+03
  0.00000000000000e+00
 -6.62112142890692e-12
 -2.18615935959332e+03
 -6.84407555760004e+03
  0.00000000000000e+00
 -8.29459168016911e-12
 -2.18615935959332e+03
 -6.84407555760006e+03
  0.00000000000000e+00
  1.48793333210051e-11
 -2.18615935959332e+03
 -6.84407555760005e+03
  0.00000000000000e+00
  3.07045411318541e-11
 -2.18615935959331e+03
 -6.84407555760002e+03
  0.00000000000000e+00
  0.00000000000000e+00
  0.00000000000000e+00
  0.00000000000000e+00
  0.00000000000000e+00
  0.00000000000000e+00
  0.00000000000000e+00
  0.00000000000000e+00
  0.00000000000000e+00
  0.00000000000000e+00
  0.00000000000000e+00
  0.00000000000000e+00
  0.00000000000000e+00
  0.00000000000000e+00
  0.00000000000000e+00
  0.00000000000000e+00
  0.00000000000000e+00
  0.00000000000000e+00
  0.00000000000000e+00
  0.00000000000000e+00
  0.00000000000000e+00
  0.00000000000000e+00
  0.00000000000000e+00
  0.00000000000000e+00
  0.00000000000000e+00
  0.00000000000000e+00
  0.00000000000000e+00
  0.00000000000000e+00
  0.00000000000000e+00
  0.00000000000000e+00
  0.00000000000000e+00
  0.00000000000000e+00
  0.00000000000000e+00
  0.00000000000000e+00
  0.00000000000000e+00
  0.00000000000000e+00
  0.00000000000000e+00
  0.00000000000000e+00
  0.00000000000000e+00
  0.00000000000000e+00
  0.00000000000000e+00
  0.00000000000000e+00
  0.00000000000000e+00
  0.00000000000000e+00
  0.00000000000000e+00
  0.00000000000000e+00
  0.00000000000000e+00
  0.00000000000000e+00
  0.00000000000000e+00
  0.00000000000000e+00
  0.00000000000000e+00
  0.00000000000000e+00
  0.00000000000000e+00
  0.00000000000000e+00
  0.00000000000000e+00
  0.00000000000000e+00
  0.00000000000000e+00
  0.00000000000000e+00
  0.00000000000000e+00
  0.00000000000000e+00
  0.00000000000000e+00
  0.00000000000000e+00
  0.00000000000000e+00
  0.00000000000000e+00
  0.00000000000000e+00
  0.00000000000000e+00
  0.00000000000000e+00
  0.00000000000000e+00
  0.00000000000000e+00
  0.00000000000000e+00
  0.00000000000000e+00
  0.00000000000000e+00
  0.00000000000000e+00
  0.00000000000000e+00
  0.00000000000000e+00
  0.00000000000000e+00
  0.00000000000000e+00
  0.00000000000000e+00
  0.00000000000000e+00
  0.00000000000000e+00
  0.00000000000000e+00
  0.00000000000000e+00
  0.00000000000000e+00
  0.00000000000000e+00
  0.00000000000000e+00
  0.00000000000000e+00
  0.00000000000000e+00
  0.00000000000000e+00
  0.00000000000000e+00
  0.00000000000000e+00
  0.00000000000000e+00
  0.00000000000000e+00
  0.00000000000000e+00
  0.00000000000000e+00
  0.00000000000000e+00
  0.00000000000000e+00
  0.00000000000000e+00
  0.00000000000000e+00
  0.00000000000000e+00
  0.00000000000000e+00
  0.00000000000000e+00
  0.00000000000000e+00
  0.00000000000000e+00
  0.00000000000000e+00
  0.00000000000000e+00
  0.00000000000000e+00
  0.00000000000000e+00
  0.00000000000000e+00
  0.00000000000000e+00
  0.00000000000000e+00
  0.00000000000000e+00
  0.00000000000000e+00
  0.00000000000000e+00
  0.00000000000000e+00
  0.00000000000000e+00
  0.00000000000000e+00
  0.00000000000000e+00
  0.00000000000000e+00
  0.00000000000000e+00
  0.00000000000000e+00
  0.00000000000000e+00
  0.00000000000000e+00
  0.00000000000000e+00
  0.00000000000000e+00
  0.00000000000000e+00
  0.00000000000000e+00
  0.00000000000000e+00
  0.00000000000000e+00
  0.00000000000000e+00
  0.00000000000000e+00
  0.00000000000000e+00
  0.00000000000000e+00
  0.00000000000000e+00
  0.00000000000000e+00
  0.00000000000000e+00
  0.00000000000000e+00
  0.00000000000000e+00
  0.00000000000000e+00
  0.00000000000000e+00
  0.00000000000000e+00
  0.00000000000000e+00
  0.00000000000000e+00
  0.00000000000000e+00
  0.00000000000000e+00
  0.00000000000000e+00
  0.00000000000000e+00
  0.00000000000000e+00
  0.00000000000000e+00
  0.00000000000000e+00
  0.00000000000000e+00
  0.00000000000000e+00
  0.00000000000000e+00
  0.00000000000000e+00
  0.00000000000000e+00
  0.00000000000000e+00
  0.00000000000000e+00
  0.00000000000000e+00
  0.00000000000000e+00
  0.00000000000000e+00
  0.00000000000000e+00
  0.00000000000000e+00
  0.00000000000000e+00
  0.00000000000000e+00
  0.00000000000000e+00
  0.00000000000000e+00
  0.00000000000000e+00
  0.00000000000000e+00
  0.00000000000000e+00
  0.00000000000000e+00
  0.00000000000000e+00
  0.00000000000000e+00
  0.00000000000000e+00
  0.00000000000000e+00
  0.00000000000000e+00
  0.00000000000000e+00
  0.00000000000000e+00
  0.00000000000000e+00
  0.00000000000000e+00
  0.00000000000000e+00
  0.00000000000000e+00
  0.00000000000000e+00
  0.00000000000000e+00
  0.00000000000000e+00
  0.00000000000000e+00
  0.00000000000000e+00
  0.00000000000000e+00
  0.00000000000000e+00
  0.00000000000000e+00
  0.00000000000000e+00
  0.00000000000000e+00
  0.00000000000000e+00
  0.00000000000000e+00
  0.00000000000000e+00
  0.00000000000000e+00
  0.00000000000000e+00
  0.00000000000000e+00
  0.00000000000000e+00
  0.00000000000000e+00
  0.00000000000000e+00
  0.00000000000000e+00
  0.00000000000000e+00
  9.09494701772928e-11
  0.00000000000000e+00
 -2.65851593035386e+04
  1.65528035722673e-10
  0.00000000000000e+00
 -2.65851593035386e+04
  1.19143805932254e-10
  0.00000000000000e+00
 -2.65851593035385e+04
  1.14596332423389e-10
  0.00000000000000e+00
 -2.65851593035385e+04
  0.00000000000000e+00
  0.00000000000000e+00
  0.00000000000000e+00
  0.00000000000000e+00
  0.00000000000000e+00
  0.00000000000000e+00
  0.00000000000000e+00
  0.00000000000000e+00
  0.00000000000000e+00
  0.00000000000000e+00
  0.00000000000000e+00
  0.00000000000000e+00
  0.00000000000000e+00
  0.00000000000000e+00
  0.00000000000000e+00
  0.00000000000000e+00
  0.00000000000000e+00
  0.00000000000000e+00
  0.00000000000000e+00
  0.00000000000000e+00
  0.00000000000000e+00
  0.00000000000000e+00
  0.00000000000000e+00
  0.00000000000000e+00
  0.00000000000000e+00
  0.00000000000000e+00
  0.00000000000000e+00
  0.00000000000000e+00
  0.00000000000000e+00
  0.00000000000000e+00
  0.00000000000000e+00
  0.00000000000000e+00
  0.00000000000000e+00
  0.00000000000000e+00
  0.00000000000000e+00
  0.00000000000000e+00
  0.00000000000000e+00
  0.00000000000000e+00
  0.00000000000000e+00
  0.00000000000000e+00
  0.00000000000000e+00
  0.00000000000000e+00
  0.00000000000000e+00
  0.00000000000000e+00
  0.00000000000000e+00
  0.00000000000000e+00
  0.00000000000000e+00
  0.00000000000000e+00
  0.00000000000000e+00
  0.00000000000000e+00
  0.00000000000000e+00
  0.00000000000000e+00
  0.00000000000000e+00
  0.00000000000000e+00
  0.00000000000000e+00
  0.00000000000000e+00
  0.00000000000000e+00
  0.00000000000000e+00
  0.00000000000000e+00
  0.00000000000000e+00
  1.64618541020900e-11
  0.00000000000000e+00
 -6.67509614558955e+03
  8.20364220999181e-12
  0.00000000000000e+00
 -6.67509614558953e+03
  3.65434971172363e-11
  0.00000000000000e+00
 -6.67509614558954e+03
  1.42972567118704e-11
  0.00000000000000e+00
 -6.67509614558954e+03
 -2.87400325760245e-12
  0.00000000000000e+00
 -6.67509614558952e+03
  0.00000000000000e+00
  0.00000000000000e+00
  0.00000000000000e+00
  0.00000000000000e+00
  0.00000000000000e+00
  0.00000000000000e+00
  0.00000000000000e+00
  3.13626558075657e+01
 -6.87295508207630e+03
  0.00000000000000e+00
 -5.96114761248804e+02
 -2.53103932772309e+04
  0.00000000000000e+00
 -5.08807664685513e+02
 -2.30368556135047e+04
  0.00000000000000e+00
 -2.24272826537912e+02
 -5.85148620194648e+03
  0.00000000000000e+00
  4.02383442946321e+02
 -2.44743665038710e+04
  0.00000000000000e+00
  5.20139686418975e+01
 -5.96696213991279e+03
  0.00000000000000e+00
  4.30157766271732e+02
 -2.55672820595393e+04
  0.00000000000000e+00
  0.00000000000000e+00
  0.00000000000000e+00
  0.00000000000000e+00
  8.08212962280445e+01
 -6.16504988245819e+03
  0.00000000000000e+00
  8.03028182653406e+00
 -6.66706857222774e+03
  0.00000000000000e+00
  2.07747102975454e+02
 -2.65307132846136e+04
  0.00000000000000e+00
  6.12446104482251e+01
 -6.55335634936540e+03
  0.00000000000000e+00
  0.00000000000000e+00
  0.00000000000000e+00
  0.00000000000000e+00
  0.00000000000000e+00
  0.00000000000000e+00
  0.00000000000000e+00
  0.00000000000000e+00
  0.00000000000000e+00
  0.00000000000000e+00
  0.00000000000000e+00
  0.00000000000000e+00
  0.00000000000000e+00
  0.00000000000000e+00
  0.00000000000000e+00
  0.00000000000000e+00
  0.00000000000000e+00
  0.00000000000000e+00
  0.00000000000000e+00
  0.00000000000000e+00
  0.00000000000000e+00
  0.00000000000000e+00
  0.00000000000000e+00
  0.00000000000000e+00
  0.00000000000000e+00
  0.00000000000000e+00
  0.00000000000000e+00
  0.00000000000000e+00
  0.00000000000000e+00
  0.00000000000000e+00
  0.00000000000000e+00
  0.00000000000000e+00
  0.00000000000000e+00
  0.00000000000000e+00
  0.00000000000000e+00
  0.00000000000000e+00
  0.00000000000000e+00
  0.00000000000000e+00
  0.00000000000000e+00
  0.00000000000000e+00
  0.00000000000000e+00
  0.00000000000000e+00
  0.00000000000000e+00
  0.00000000000000e+00
  0.00000000000000e+00
  0.00000000000000e+00
  0.00000000000000e+00
  0.00000000000000e+00
  0.00000000000000e+00
  0.00000000000000e+00
  0.00000000000000e+00
  0.00000000000000e+00
  0.00000000000000e+00
  0.00000000000000e+00
  0.00000000000000e+00
  0.00000000000000e+00
  0.00000000000000e+00
  0.00000000000000e+00
  0.00000000000000e+00
  0.00000000000000e+00
  0.00000000000000e+00
  0.00000000000000e+00
  0.00000000000000e+00
  0.00000000000000e+00
  0.00000000000000e+00
  0.00000000000000e+00
  0.00000000000000e+00
  0.00000000000000e+00
  0.00000000000000e+00
  0.00000000000000e+00
  0.00000000000000e+00
  0.00000000000000e+00
  0.00000000000000e+00
  0.00000000000000e+00
  0.00000000000000e+00
  0.00000000000000e+00
  0.00000000000000e+00
  0.00000000000000e+00
  0.00000000000000e+00
  0.00000000000000e+00
  0.00000000000000e+00
  0.00000000000000e+00
  0.00000000000000e+00
  0.00000000000000e+00
  0.00000000000000e+00
  0.00000000000000e+00
  0.00000000000000e+00
  0.00000000000000e+00
  0.00000000000000e+00
  0.00000000000000e+00
  0.00000000000000e+00
  0.00000000000000e+00
  0.00000000000000e+00
  0.00000000000000e+00
  0.00000000000000e+00
  0.00000000000000e+00
  0.00000000000000e+00
  0.00000000000000e+00
  0.00000000000000e+00
  0.00000000000000e+00
  0.00000000000000e+00
  0.00000000000000e+00
  0.00000000000000e+00
  0.00000000000000e+00
  0.00000000000000e+00
  0.00000000000000e+00
  0.00000000000000e+00
  0.00000000000000e+00
  0.00000000000000e+00
  0.00000000000000e+00
  0.00000000000000e+00
  0.00000000000000e+00
  0.00000000000000e+00
  0.00000000000000e+00
  0.00000000000000e+00
  0.00000000000000e+00
  0.00000000000000e+00
  0.00000000000000e+00
  0.00000000000000e+00
  0.00000000000000e+00
  0.00000000000000e+00
  3.13626558075684e+01
 -6.87295508207632e+03
  0.00000000000000e+00
 -5.96114761248838e+02
 -2.53103932772311e+04
  0.00000000000000e+00
 -5.08807664685492e+02
 -2.30368556135049e+04
  0.00000000000000e+00
 -2.24272826537914e+02
 -5.85148620194652e+03
  0.00000000000000e+00
  4.02383442946340e+02
 -2.44743665038711e+04
  0.00000000000000e+00
  5.20139686419056e+01
 -5.96696213991282e+03
  0.00000000000000e+00
  4.30157766271737e+02
 -2.55672820595394e+04
  0.00000000000000e+00
  0.00000000000000e+00
  0.00000000000000e+00
  0.00000000000000e+00
  8.08212962280504e+01
 -6.16504988245820e+03
  0.00000000000000e+00
  8.03028182653725e+00
 -6.66706857222779e+03
  0.00000000000000e+00
  2.07747102975486e+02
 -2.65307132846138e+04
  0.00000000000000e+00
  6.12446104482383e+01
 -6.55335634936544e+03
  0.00000000000000e+00
  0.00000000000000e+00
  0.00000000000000e+00
  0.00000000000000e+00
  0.00000000000000e+00
  0.00000000000000e+00
  0.00000000000000e+00
  0.00000000000000e+00
  0.00000000000000e+00
  0.00000000000000e+00
  0.00000000000000e+00
  0.00000000000000e+00
  0.00000000000000e+00
  0.00000000000000e+00
  0.00000000000000e+00
  0.00000000000000e+00
  0.00000000000000e+00
  0.00000000000000e+00
  0.00000000000000e+00
  0.00000000000000e+00
  0.00000000000000e+00
  0.00000000000000e+00
  0.00000000000000e+00
  0.00000000000000e+00
  0.00000000000000e+00
  0.00000000000000e+00
  0.00000000000000e+00
  0.00000000000000e+00
  0.00000000000000e+00
  0.00000000000000e+00
  0.00000000000000e+00
  0.00000000000000e+00
  0.00000000000000e+00
  0.00000000000000e+00
  0.00000000000000e+00
  0.00000000000000e+00
  0.00000000000000e+00
  0.00000000000000e+00
  0.00000000000000e+00
  0.00000000000000e+00
  0.00000000000000e+00
  0.00000000000000e+00
  0.00000000000000e+00
  0.00000000000000e+00
  0.00000000000000e+00
  0.00000000000000e+00
  0.00000000000000e+00
  0.00000000000000e+00
  0.00000000000000e+00
  0.00000000000000e+00
  0.00000000000000e+00
  0.00000000000000e+00
  0.00000000000000e+00
  0.00000000000000e+00
  0.00000000000000e+00
  0.00000000000000e+00
  0.00000000000000e+00
  0.00000000000000e+00
  0.00000000000000e+00
  0.00000000000000e+00
  0.00000000000000e+00
  0.00000000000000e+00
  0.00000000000000e+00
  0.00000000000000e+00
  0.00000000000000e+00
  0.00000000000000e+00
  0.00000000000000e+00
  0.00000000000000e+00
  0.00000000000000e+00
  0.00000000000000e+00
  0.00000000000000e+00
  0.00000000000000e+00
  0.00000000000000e+00
  0.00000000000000e+00
  0.00000000000000e+00
  0.00000000000000e+00
  0.00000000000000e+00
  0.00000000000000e+00
  0.00000000000000e+00
  0.00000000000000e+00
  0.00000000000000e+00
  0.00000000000000e+00
  0.00000000000000e+00
  0.00000000000000e+00
  0.00000000000000e+00
  0.00000000000000e+00
  0.00000000000000e+00
  0.00000000000000e+00
  0.00000000000000e+00
  0.00000000000000e+00
  0.00000000000000e+00
  0.00000000000000e+00
  0.00000000000000e+00
  0.00000000000000e+00
  0.00000000000000e+00
  0.00000000000000e+00
  0.00000000000000e+00
  0.00000000000000e+00
  0.00000000000000e+00
  0.00000000000000e+00
  0.00000000000000e+00
  0.00000000000000e+00
  0.00000000000000e+00
  0.00000000000000e+00
  0.00000000000000e+00
  0.00000000000000e+00
  0.00000000000000e+00
  0.00000000000000e+00
  0.00000000000000e+00
  0.00000000000000e+00
  0.00000000000000e+00
  0.00000000000000e+00
  0.00000000000000e+00
  0.00000000000000e+00
  0.00000000000000e+00
  0.00000000000000e+00
  0.00000000000000e+00
  0.00000000000000e+00
  0.00000000000000e+00
  0.00000000000000e+00
  0.00000000000000e+00
  0.00000000000000e+00
  0.00000000000000e+00
  0.00000000000000e+00
  0.00000000000000e+00
  0.00000000000000e+00
  0.00000000000000e+00
  0.00000000000000e+00
  0.00000000000000e+00
  0.00000000000000e+00
  0.00000000000000e+00
  0.00000000000000e+00
  0.00000000000000e+00
  0.00000000000000e+00
  0.00000000000000e+00
  0.00000000000000e+00
  0.00000000000000e+00
  0.00000000000000e+00
  0.00000000000000e+00
  0.00000000000000e+00
  0.00000000000000e+00
  0.00000000000000e+00
  0.00000000000000e+00
  0.00000000000000e+00
  0.00000000000000e+00
  0.00000000000000e+00
  0.00000000000000e+00
  0.00000000000000e+00
  0.00000000000000e+00
  0.00000000000000e+00
  0.00000000000000e+00
  0.00000000000000e+00
  0.00000000000000e+00
  0.00000000000000e+00
  0.00000000000000e+00
  0.00000000000000e+00
  0.00000000000000e+00
  0.00000000000000e+00
  0.00000000000000e+00
  0.00000000000000e+00
  0.00000000000000e+00
  0.00000000000000e+00
  0.00000000000000e+00
  0.00000000000000e+00
  0.00000000000000e+00
  0.00000000000000e+00
  0.00000000000000e+00
  0.00000000000000e+00
  0.00000000000000e+00
  0.00000000000000e+00
  0.00000000000000e+00
  0.00000000000000e+00
  0.00000000000000e+00
  0.00000000000000e+00
  0.00000000000000e+00
  0.00000000000000e+00
  0.00000000000000e+00
  0.00000000000000e+00
  0.00000000000000e+00
  0.00000000000000e+00
  0.00000000000000e+00
  0.00000000000000e+00
  0.00000000000000e+00
  0.00000000000000e+00
  0.00000000000000e+00
  0.00000000000000e+00
  0.00000000000000e+00
  0.00000000000000e+00
  0.00000000000000e+00
  0.00000000000000e+00
  0.00000000000000e+00
  0.00000000000000e+00
  0.00000000000000e+00
  0.00000000000000e+00
  0.00000000000000e+00
  0.00000000000000e+00
  0.00000000000000e+00
  0.00000000000000e+00
  0.00000000000000e+00
  0.00000000000000e+00
  0.00000000000000e+00
  0.00000000000000e+00
  0.00000000000000e+00
  0.00000000000000e+00
  0.00000000000000e+00
  0.00000000000000e+00
  0.00000000000000e+00
  0.00000000000000e+00
  0.00000000000000e+00
  0.00000000000000e+00
  0.00000000000000e+00
  0.00000000000000e+00
  0.00000000000000e+00
  0.00000000000000e+00
  0.00000000000000e+00
  0.00000000000000e+00
  0.00000000000000e+00
  0.00000000000000e+00
  0.00000000000000e+00
  0.00000000000000e+00
  0.00000000000000e+00
  0.00000000000000e+00
  0.00000000000000e+00
  0.00000000000000e+00
  0.00000000000000e+00
  0.00000000000000e+00
  0.00000000000000e+00
  0.00000000000000e+00
  0.00000000000000e+00
  0.00000000000000e+00
  0.00000000000000e+00
  0.00000000000000e+00
  0.00000000000000e+00
  0.00000000000000e+00
  0.00000000000000e+00
  0.00000000000000e+00
  0.00000000000000e+00
  0.00000000000000e+00
  0.00000000000000e+00
  0.00000000000000e+00
  0.00000000000000e+00
  0.00000000000000e+00
  0.00000000000000e+00
  0.00000000000000e+00
  0.00000000000000e+00
  0.00000000000000e+00
  0.00000000000000e+00
  0.00000000000000e+00
  0.00000000000000e+00
  0.00000000000000e+00
  0.00000000000000e+00
  0.00000000000000e+00
  0.00000000000000e+00
  0.00000000000000e+00
  0.00000000000000e+00
  0.00000000000000e+00
  0.00000000000000e+00
  0.00000000000000e+00
  0.00000000000000e+00
  0.00000000000000e+00
  0.00000000000000e+00
  0.00000000000000e+00
  0.00000000000000e+00
  0.00000000000000e+00
  0.00000000000000e+00
  0.00000000000000e+00
  0.00000000000000e+00
  0.00000000000000e+00
  0.00000000000000e+00
  0.00000000000000e+00
  0.00000000000000e+00
  0.00000000000000e+00
  0.00000000000000e+00
  0.00000000000000e+00
  0.00000000000000e+00
  0.00000000000000e+00
  0.00000000000000e+00
  0.00000000000000e+00
  0.00000000000000e+00
  0.00000000000000e+00
  0.00000000000000e+00
  0.00000000000000e+00
  0.00000000000000e+00
  0.00000000000000e+00
  0.00000000000000e+00
  0.00000000000000e+00
  0.00000000000000e+00
  0.00000000000000e+00
  0.00000000000000e+00
  0.00000000000000e+00
  0.00000000000000e+00
  0.00000000000000e+00
  0.00000000000000e+00
  0.00000000000000e+00
  0.00000000000000e+00
  0.00000000000000e+00
  0.00000000000000e+00
  0.00000000000000e+00
  0.00000000000000e+00
  0.00000000000000e+00
  0.00000000000000e+00
  0.00000000000000e+00
  0.00000000000000e+00
  0.00000000000000e+00
  0.00000000000000e+00
  0.00000000000000e+00
  0.00000000000000e+00
  0.00000000000000e+00
  0.00000000000000e+00
  0.00000000000000e+00
  0.00000000000000e+00
  0.00000000000000e+00
  0.00000000000000e+00
  0.00000000000000e+00
  0.00000000000000e+00
  0.00000000000000e+00
  0.00000000000000e+00
  0.00000000000000e+00
  0.00000000000000e+00
  0.00000000000000e+00
  0.00000000000000e+00
  0.00000000000000e+00
  0.00000000000000e+00
  0.00000000000000e+00
  0.00000000000000e+00
  0.00000000000000e+00
  0.00000000000000e+00
  0.00000000000000e+00
  0.00000000000000e+00
  0.00000000000000e+00
  0.00000000000000e+00
  0.00000000000000e+00
  0.00000000000000e+00
  0.00000000000000e+00
  0.00000000000000e+00
  0.00000000000000e+00
  0.00000000000000e+00
  0.00000000000000e+00
  0.00000000000000e+00
  0.00000000000000e+00
  0.00000000000000e+00
  0.00000000000000e+00
  8.09450284577900e-13
 -1.99583147409182e+02
 -1.29556387855854e+04
  1.77351466845721e-12
 -1.99583147409172e+02
 -1.29556387855854e+04
  1.43745637615211e-11
 -1.99583147409161e+02
 -1.29556387855854e+04
 -2.10911821341142e-11
 -1.99583147409166e+02
 -1.29556387855854e+04
 -2.40106601268052e-12
 -1.99583147409162e+02
 -1.29556387855854e+04
 -3.53429641108960e-11
 -1.62929879027375e+02
 -1.15854981729993e+04
  2.39742803387344e-11
 -1.62929879027382e+02
 -1.15854981729992e+04
  4.58794602309354e-11
 -1.62929879027385e+02
 -1.15854981729993e+04
  1.52772372530308e-11
 -1.62929879027375e+02
 -1.15854981729993e+04
 -1.07502273749560e-11
 -1.62929879027366e+02
 -1.15854981729992e+04
  2.50111042987552e-13
  1.32317538747930e+02
 -1.21052615705418e+04
  9.98966243059840e-11
  1.32317538747919e+02
 -1.21052615705418e+04
  4.74483385914937e-11
  1.32317538747925e+02
 -1.21052615705418e+04
  2.36082087212708e-11
  1.32317538747925e+02
 -1.21052615705418e+04
  2.03044692170806e-11
  1.32317538747924e+02
 -1.21052615705417e+04
 -4.43606040789746e-12
  1.42498374019355e+02
 -1.27346696769117e+04
  4.90194906888064e-11
  1.42498374019348e+02
 -1.27346696769117e+04
 -4.15184331359341e-12
  1.42498374019337e+02
 -1.27346696769117e+04
  2.85990608972497e-11
  1.42498374019340e+02
 -1.27346696769117e+04
 -2.86854628939182e-11
  1.42498374019336e+02
 -1.27346696769117e+04
  4.36898517364170e-11
  6.98108443366382e+01
 -1.32731977126429e+04
 -2.05523065233137e-11
  6.98108443366250e+01
 -1.32731977126429e+04
  5.63841240364127e-11
  6.98108443366405e+01
 -1.32731977126429e+04
  2.12730810744688e-11
  6.98108443366405e+01
 -1.32731977126429e+04
 -9.58152668317780e-12
  6.98108443366177e+01
 -1.32731977126428e+04
  0.00000000000000e+00
  0.00000000000000e+00
  0.00000000000000e+00
  0.00000000000000e+00
  0.00000000000000e+00
  0.00000000000000e+00
  0.00000000000000e+00
  0.00000000000000e+00
  0.00000000000000e+00
  0.00000000000000e+00
  0.00000000000000e+00
  0.00000000000000e+00
  0.00000000000000e+00
  0.00000000000000e+00
  0.00000000000000e+00
  0.00000000000000e+00
  0.00000000000000e+00
  0.00000000000000e+00
  0.00000000000000e+00
  0.00000000000000e+00
  0.00000000000000e+00
  0.00000000000000e+00
  0.00000000000000e+00
  0.00000000000000e+00
  0.00000000000000e+00
  0.00000000000000e+00
  0.00000000000000e+00
  0.00000000000000e+00
  0.00000000000000e+00
  0.00000000000000e+00
  0.00000000000000e+00
  0.00000000000000e+00
  0.00000000000000e+00
  0.00000000000000e+00
  0.00000000000000e+00
  0.00000000000000e+00
  0.00000000000000e+00
  0.00000000000000e+00
  0.00000000000000e+00
  0.00000000000000e+00
  0.00000000000000e+00
  0.00000000000000e+00
  0.00000000000000e+00
  0.00000000000000e+00
  0.00000000000000e+00
  0.00000000000000e+00
  0.00000000000000e+00
  0.00000000000000e+00
  0.00000000000000e+00
  0.00000000000000e+00
  0.00000000000000e+00
  0.00000000000000e+00
  0.00000000000000e+00
  0.00000000000000e+00
  0.00000000000000e+00
  0.00000000000000e+00
  0.00000000000000e+00
  0.00000000000000e+00
  0.00000000000000e+00
  0.00000000000000e+00
  0.00000000000000e+00
  0.00000000000000e+00
  0.00000000000000e+00
  0.00000000000000e+00
  0.00000000000000e+00
  0.00000000000000e+00
  0.00000000000000e+00
  0.00000000000000e+00
  0.00000000000000e+00
  0.00000000000000e+00
  0.00000000000000e+00
  0.00000000000000e+00
  0.00000000000000e+00
  0.00000000000000e+00
  0.00000000000000e+00
  0.00000000000000e+00
  0.00000000000000e+00
  0.00000000000000e+00
  0.00000000000000e+00
  0.00000000000000e+00
  0.00000000000000e+00
  0.00000000000000e+00
  0.00000000000000e+00
  0.00000000000000e+00
  0.00000000000000e+00
  0.00000000000000e+00
  0.00000000000000e+00
  0.00000000000000e+00
  0.00000000000000e+00
  0.00000000000000e+00
  0.00000000000000e+00
  0.00000000000000e+00
  0.00000000000000e+00
  0.00000000000000e+00
  0.00000000000000e+00
  0.00000000000000e+00
  0.00000000000000e+00
  0.00000000000000e+00
  0.00000000000000e+00
  0.00000000000000e+00
  0.00000000000000e+00
  0.00000000000000e+00
  0.00000000000000e+00
  0.00000000000000e+00
  0.00000000000000e+00
  0.00000000000000e+00
  0.00000000000000e+00
  0.00000000000000e+00
  0.00000000000000e+00
  0.00000000000000e+00
  0.00000000000000e+00
  0.00000000000000e+00
  0.00000000000000e+00
  0.00000000000000e+00
  0.00000000000000e+00
  0.00000000000000e+00
  0.00000000000000e+00
  0.00000000000000e+00
  0.00000000000000e+00
  0.00000000000000e+00
  0.00000000000000e+00
  0.00000000000000e+00
  0.00000000000000e+00
  0.00000000000000e+00
  0.00000000000000e+00
  0.00000000000000e+00
  0.00000000000000e+00
  0.00000000000000e+00
  0.00000000000000e+00
  0.00000000000000e+00
  0.00000000000000e+00
  0.00000000000000e+00
  0.00000000000000e+00
  0.00000000000000e+00
  0.00000000000000e+00
  0.00000000000000e+00
  0.00000000000000e+00
  0.00000000000000e+00
  0.00000000000000e+00
  0.00000000000000e+00
  0.00000000000000e+00
  0.00000000000000e+00
  0.00000000000000e+00
  0.00000000000000e+00
  0.00000000000000e+00
  0.00000000000000e+00
  0.00000000000000e+00
  0.00000000000000e+00
  0.00000000000000e+00
  0.00000000000000e+00
  0.00000000000000e+00
  0.00000000000000e+00
  0.00000000000000e+00
  0.00000000000000e+00
  0.00000000000000e+00
  0.00000000000000e+00
  0.00000000000000e+00
  0.00000000000000e+00
  0.00000000000000e+00
  0.00000000000000e+00
  0.00000000000000e+00
  0.00000000000000e+00
  0.00000000000000e+00
  0.00000000000000e+00
  0.00000000000000e+00
  0.00000000000000e+00
  0.00000000000000e+00
  0.00000000000000e+00
  0.00000000000000e+00
  0.00000000000000e+00
  0.00000000000000e+00
  0.00000000000000e+00
  0.00000000000000e+00
  0.00000000000000e+00
  0.00000000000000e+00
  0.00000000000000e+00
  0.00000000000000e+00
  0.00000000000000e+00
  0.00000000000000e+00
  0.00000000000000e+00
  0.00000000000000e+00
  0.00000000000000e+00
  0.00000000000000e+00
  0.00000000000000e+00
  0.00000000000000e+00
  0.00000000000000e+00
  0.00000000000000e+00
  0.00000000000000e+00
  0.00000000000000e+00
  0.00000000000000e+00
  0.00000000000000e+00
  0.00000000000000e+00
  0.00000000000000e+00
  0.00000000000000e+00
  0.00000000000000e+00
  0.00000000000000e+00
  0.00000000000000e+00
  0.00000000000000e+00
  0.00000000000000e+00
  0.00000000000000e+00
  0.00000000000000e+00
  0.00000000000000e+00
  0.00000000000000e+00
  0.00000000000000e+00
  0.00000000000000e+00
  0.00000000000000e+00
  0.00000000000000e+00
  0.00000000000000e+00
  0.00000000000000e+00
  0.00000000000000e+00
  0.00000000000000e+00
  0.00000000000000e+00
  0.00000000000000e+00
  0.00000000000000e+00
  0.00000000000000e+00
  0.00000000000000e+00
  0.00000000000000e+00
  0.00000000000000e+00
  0.00000000000000e+00
  0.00000000000000e+00
  0.00000000000000e+00
  0.00000000000000e+00
  0.00000000000000e+00
  0.00000000000000e+00
  0.00000000000000e+00
  0.00000000000000e+00
  0.00000000000000e+00
  0.00000000000000e+00
  0.00000000000000e+00
  0.00000000000000e+00
  0.00000000000000e+00
  0.00000000000000e+00
  0.00000000000000e+00
  0.00000000000000e+00
  0.00000000000000e+00
  0.00000000000000e+00
  0.00000000000000e+00
  0.00000000000000e+00
  0.00000000000000e+00
  0.00000000000000e+00
  2.91038304567337e-11
 -1.19222952249766e+03
 -5.06207865544620e+04
  1.38243194669485e-10
 -1.19222952249764e+03
 -5.06207865544622e+04
  0.00000000000000e+00
 -1.19222952249760e+03
 -5.06207865544622e+04
 -1.67347025126219e-10
 -1.19222952249760e+03
 -5.06207865544622e+04
  1.27329258248210e-11
  6.27253116151460e+01
 -1.37459101641526e+04
 -1.09139364212751e-11
  6.27253116151501e+01
 -1.37459101641527e+04
 -1.81898940354586e-12
  6.27253116151560e+01
 -1.37459101641527e+04
 -8.18545231595635e-12
  6.27253116151446e+01
 -1.37459101641526e+04
  1.16415321826935e-10
 -1.01761532937102e+03
 -4.60737112270096e+04
  1.23691279441118e-10
 -1.01761532937104e+03
 -4.60737112270096e+04
  1.23691279441118e-10
 -1.01761532937104e+03
 -4.60737112270097e+04
  6.36646291241050e-12
 -1.01761532937101e+03
 -4.60737112270097e+04
  2.00088834390044e-11
 -4.48545653075835e+02
 -1.17029724038930e+04
  3.27418092638254e-11
 -4.48545653075832e+02
 -1.17029724038930e+04
  1.63709046319127e-11
 -4.48545653075835e+02
 -1.17029724038931e+04
 -3.81987774744630e-11
 -4.48545653075825e+02
 -1.17029724038930e+04
  8.00355337560177e-11
  8.04766885892661e+02
 -4.89487330077422e+04
  1.35514710564166e-10
  8.04766885892645e+02
 -4.89487330077423e+04
  7.09405867382884e-11
  8.04766885892642e+02
 -4.89487330077423e+04
  6.54836185276508e-11
  8.04766885892669e+02
 -4.89487330077423e+04
  6.54836185276508e-11
  1.04027937283806e+02
 -1.19339242798256e+04
  8.00355337560177e-11
  1.04027937283814e+02
 -1.19339242798256e+04
  5.45696821063757e-11
  1.04027937283802e+02
 -1.19339242798256e+04
  2.18278728425503e-11
  1.04027937283803e+02
 -1.19339242798256e+04
 -2.36468622460961e-11
  8.60315532543489e+02
 -5.11345641190787e+04
  2.04636307898909e-10
  8.60315532543466e+02
 -5.11345641190788e+04
  1.60980562213808e-10
  8.60315532543464e+02
 -5.11345641190788e+04
  3.18323145620525e-11
  8.60315532543475e+02
 -5.11345641190789e+04
  1.63709046319127e-11
  1.61642592456099e+02
 -1.23300997649164e+04
  4.27462509833276e-11
  1.61642592456098e+02
 -1.23300997649164e+04
  2.63753463514149e-11
  1.61642592456098e+02
 -1.23300997649164e+04
  2.72848410531878e-12
  1.61642592456101e+02
 -1.23300997649164e+04
  4.63842297904193e-11
  4.15494205950958e+02
 -5.30614265692274e+04
  2.66481947619468e-10
  4.15494205950961e+02
 -5.30614265692274e+04
  2.29192664846778e-10
  4.15494205950971e+02
 -5.30614265692274e+04
  8.27640178613365e-11
  4.15494205950952e+02
 -5.30614265692274e+04
  2.18278728425503e-11
  1.22489220896478e+02
 -1.31067126987309e+04
  3.18323145620525e-11
  1.22489220896464e+02
 -1.31067126987309e+04
  5.45696821063757e-11
  1.22489220896463e+02
 -1.31067126987309e+04
 -1.81898940354586e-11
  1.22489220896463e+02
 -1.31067126987309e+04
  1.63709046319127e-11
  1.60605636530731e+01
 -1.33341371444556e+04
  6.36646291241050e-11
  1.60605636530836e+01
 -1.33341371444555e+04
  5.27506927028298e-11
  1.60605636530795e+01
 -1.33341371444556e+04
  1.63709046319127e-11
  1.60605636530722e+01
 -1.33341371444555e+04
  0.00000000000000e+00
  0.00000000000000e+00
  0.00000000000000e+00
  0.00000000000000e+00
  0.00000000000000e+00
  0.00000000000000e+00
  0.00000000000000e+00
  0.00000000000000e+00
  0.00000000000000e+00
  0.00000000000000e+00
  0.00000000000000e+00
  0.00000000000000e+00
  0.00000000000000e+00
  0.00000000000000e+00
  0.00000000000000e+00
  0.00000000000000e+00
  0.00000000000000e+00
  0.00000000000000e+00
  0.00000000000000e+00
  0.00000000000000e+00
  0.00000000000000e+00
  0.00000000000000e+00
  0.00000000000000e+00
  0.00000000000000e+00
  0.00000000000000e+00
  0.00000000000000e+00
  0.00000000000000e+00
  0.00000000000000e+00
  0.00000000000000e+00
  0.00000000000000e+00
  0.00000000000000e+00
  0.00000000000000e+00
  0.00000000000000e+00
  0.00000000000000e+00
  0.00000000000000e+00
  0.00000000000000e+00
  0.00000000000000e+00
  0.00000000000000e+00
  0.00000000000000e+00
  0.00000000000000e+00
  0.00000000000000e+00
  0.00000000000000e+00
  0.00000000000000e+00
  0.00000000000000e+00
  0.00000000000000e+00
  0.00000000000000e+00
  0.00000000000000e+00
  0.00000000000000e+00
  0.00000000000000e+00
  0.00000000000000e+00
  0.00000000000000e+00
  0.00000000000000e+00
  0.00000000000000e+00
  0.00000000000000e+00
  0.00000000000000e+00
  0.00000000000000e+00
  0.00000000000000e+00
  0.00000000000000e+00
  0.00000000000000e+00
  0.00000000000000e+00
  0.00000000000000e+00
  0.00000000000000e+00
  0.00000000000000e+00
  0.00000000000000e+00
  0.00000000000000e+00
  0.00000000000000e+00
  0.00000000000000e+00
  0.00000000000000e+00
  0.00000000000000e+00
  0.00000000000000e+00
  0.00000000000000e+00
  0.00000000000000e+00
  0.00000000000000e+00
  0.00000000000000e+00
  0.00000000000000e+00
  0.00000000000000e+00
  0.00000000000000e+00
  0.00000000000000e+00
  0.00000000000000e+00
  0.00000000000000e+00
  0.00000000000000e+00
  0.00000000000000e+00
  0.00000000000000e+00
  0.00000000000000e+00
  0.00000000000000e+00
  0.00000000000000e+00
  0.00000000000000e+00
  0.00000000000000e+00
  0.00000000000000e+00
  0.00000000000000e+00
  0.00000000000000e+00
  0.00000000000000e+00
  0.00000000000000e+00
  0.00000000000000e+00
  0.00000000000000e+00
  0.00000000000000e+00
  0.00000000000000e+00
  0.00000000000000e+00
  0.00000000000000e+00
  0.00000000000000e+00
  0.00000000000000e+00
  0.00000000000000e+00
  0.00000000000000e+00
  0.00000000000000e+00
  0.00000000000000e+00
  0.00000000000000e+00
  0.00000000000000e+00
  0.00000000000000e+00
  0.00000000000000e+00
  0.00000000000000e+00
  0.00000000000000e+00
  0.00000000000000e+00
  0.00000000000000e+00
  0.00000000000000e+00
  0.00000000000000e+00
  0.00000000000000e+00
  0.00000000000000e+00
  0.00000000000000e+00
  0.00000000000000e+00
  0.00000000000000e+00
  0.00000000000000e+00
  0.00000000000000e+00
  0.00000000000000e+00
  0.00000000000000e+00
  0.00000000000000e+00
  0.00000000000000e+00
  0.00000000000000e+00
  0.00000000000000e+00
  0.00000000000000e+00
  0.00000000000000e+00
  0.00000000000000e+00
  0.00000000000000e+00
  0.00000000000000e+00
  0.00000000000000e+00
  0.00000000000000e+00
  0.00000000000000e+00
  0.00000000000000e+00
  0.00000000000000e+00
  0.00000000000000e+00
  0.00000000000000e+00
  0.00000000000000e+00
  0.00000000000000e+00
  0.00000000000000e+00
  0.00000000000000e+00
  0.00000000000000e+00
  0.00000000000000e+00
  0.00000000000000e+00
  0.00000000000000e+00
  0.00000000000000e+00
  0.00000000000000e+00
  0.00000000000000e+00
  0.00000000000000e+00
  0.00000000000000e+00
  0.00000000000000e+00
  0.00000000000000e+00
  0.00000000000000e+00
  0.00000000000000e+00
  0.00000000000000e+00
  0.00000000000000e+00
  0.00000000000000e+00
  0.00000000000000e+00
  0.00000000000000e+00
  0.00000000000000e+00
  0.00000000000000e+00
  0.00000000000000e+00
  0.00000000000000e+00
  0.00000000000000e+00
  0.00000000000000e+00
  0.00000000000000e+00
  0.00000000000000e+00
  0.00000000000000e+00
  0.00000000000000e+00
  0.00000000000000e+00
  0.00000000000000e+00
  0.00000000000000e+00
  0.00000000000000e+00
  0.00000000000000e+00
  0.00000000000000e+00
  0.00000000000000e+00
  0.00000000000000e+00
  0.00000000000000e+00
  0.00000000000000e+00
  0.00000000000000e+00
  0.00000000000000e+00
  0.00000000000000e+00
  0.00000000000000e+00
  0.00000000000000e+00
  0.00000000000000e+00
  0.00000000000000e+00
  0.00000000000000e+00
  0.00000000000000e+00
  0.00000000000000e+00
  0.00000000000000e+00
  0.00000000000000e+00
  0.00000000000000e+00
  0.00000000000000e+00
  0.00000000000000e+00
  0.00000000000000e+00
  0.00000000000000e+00
  0.00000000000000e+00
  0.00000000000000e+00
  0.00000000000000e+00
  0.00000000000000e+00
  0.00000000000000e+00
  0.00000000000000e+00
  0.00000000000000e+00
  0.00000000000000e+00
  0.00000000000000e+00
  0.00000000000000e+00
  0.00000000000000e+00
  0.00000000000000e+00
  0.00000000000000e+00
  0.00000000000000e+00
  0.00000000000000e+00
  0.00000000000000e+00
  0.00000000000000e+00
  0.00000000000000e+00
  0.00000000000000e+00
  0.00000000000000e+00
  0.00000000000000e+00
  0.00000000000000e+00
  0.00000000000000e+00
  0.00000000000000e+00
  0.00000000000000e+00
  0.00000000000000e+00
  0.00000000000000e+00
  0.00000000000000e+00
  0.00000000000000e+00
  0.00000000000000e+00
  0.00000000000000e+00
  0.00000000000000e+00
  0.00000000000000e+00
  0.00000000000000e+00
  0.00000000000000e+00
  0.00000000000000e+00
  0.00000000000000e+00
  0.00000000000000e+00
  0.00000000000000e+00
  0.00000000000000e+00
  0.00000000000000e+00
  0.00000000000000e+00
  0.00000000000000e+00
  0.00000000000000e+00
  0.00000000000000e+00
  0.00000000000000e+00
  0.00000000000000e+00
  0.00000000000000e+00
  0.00000000000000e+00
  0.00000000000000e+00
  0.00000000000000e+00
  0.00000000000000e+00
  0.00000000000000e+00
  0.00000000000000e+00
  0.00000000000000e+00
  0.00000000000000e+00
  0.00000000000000e+00
  0.00000000000000e+00
  0.00000000000000e+00
  0.00000000000000e+00
  0.00000000000000e+00
  0.00000000000000e+00
  0.00000000000000e+00
  0.00000000000000e+00
  0.00000000000000e+00
  0.00000000000000e+00
  0.00000000000000e+00
  0.00000000000000e+00
  0.00000000000000e+00
  0.00000000000000e+00
  0.00000000000000e+00
  0.00000000000000e+00
  0.00000000000000e+00
  0.00000000000000e+00
  0.00000000000000e+00
  0.00000000000000e+00
  0.00000000000000e+00
  0.00000000000000e+00
  0.00000000000000e+00
  0.00000000000000e+00
  0.00000000000000e+00
  0.00000000000000e+00
  0.00000000000000e+00
  0.00000000000000e+00
  0.00000000000000e+00
  0.00000000000000e+00
  0.00000000000000e+00
  0.00000000000000e+00
  0.00000000000000e+00
  0.00000000000000e+00
  0.00000000000000e+00
  0.00000000000000e+00
  0.00000000000000e+00
  0.00000000000000e+00
  0.00000000000000e+00
  0.00000000000000e+00
  0.00000000000000e+00
  0.00000000000000e+00
  0.00000000000000e+00
  0.00000000000000e+00
  0.00000000000000e+00
  0.00000000000000e+00
  0.00000000000000e+00
  0.00000000000000e+00
  0.00000000000000e+00
  0.00000000000000e+00
  0.00000000000000e+00
  0.00000000000000e+00
  0.00000000000000e+00
  0.00000000000000e+00
  0.00000000000000e+00
  0.00000000000000e+00
  0.00000000000000e+00
  0.00000000000000e+00
  0.00000000000000e+00
  0.00000000000000e+00
  0.00000000000000e+00
  0.00000000000000e+00
  0.00000000000000e+00
  0.00000000000000e+00
  0.00000000000000e+00
  0.00000000000000e+00
  0.00000000000000e+00
  0.00000000000000e+00
  0.00000000000000e+00
  0.00000000000000e+00
  0.00000000000000e+00
  0.00000000000000e+00
  0.00000000000000e+00
  0.00000000000000e+00
  0.00000000000000e+00
  0.00000000000000e+00
  0.00000000000000e+00
  0.00000000000000e+00
  0.00000000000000e+00
  0.00000000000000e+00
  0.00000000000000e+00
  0.00000000000000e+00
  0.00000000000000e+00
  0.00000000000000e+00
  0.00000000000000e+00
  0.00000000000000e+00
  0.00000000000000e+00
  0.00000000000000e+00
  0.00000000000000e+00
  0.00000000000000e+00
  0.00000000000000e+00
  0.00000000000000e+00
  0.00000000000000e+00
  0.00000000000000e+00
  0.00000000000000e+00
  0.00000000000000e+00
  0.00000000000000e+00
  0.00000000000000e+00
  0.00000000000000e+00
  0.00000000000000e+00
  0.00000000000000e+00
  0.00000000000000e+00
  0.00000000000000e+00
  0.00000000000000e+00
  0.00000000000000e+00
  0.00000000000000e+00
  0.00000000000000e+00
  0.00000000000000e+00
  0.00000000000000e+00
  0.00000000000000e+00
  0.00000000000000e+00
  0.00000000000000e+00
  0.00000000000000e+00
  0.00000000000000e+00
  0.00000000000000e+00
  0.00000000000000e+00
  0.00000000000000e+00
  0.00000000000000e+00
  0.00000000000000e+00
  0.00000000000000e+00
  0.00000000000000e+00
  0.00000000000000e+00
  0.00000000000000e+00
  0.00000000000000e+00
  0.00000000000000e+00
  0.00000000000000e+00
  0.00000000000000e+00
  0.00000000000000e+00
  0.00000000000000e+00
  0.00000000000000e+00
  0.00000000000000e+00
  0.00000000000000e+00
  0.00000000000000e+00
  0.00000000000000e+00
  0.00000000000000e+00
  0.00000000000000e+00
  0.00000000000000e+00
  0.00000000000000e+00
  0.00000000000000e+00
  0.00000000000000e+00
  0.00000000000000e+00
  0.00000000000000e+00
  0.00000000000000e+00
  0.00000000000000e+00
  0.00000000000000e+00
  0.00000000000000e+00
  0.00000000000000e+00
  0.00000000000000e+00
  0.00000000000000e+00
  0.00000000000000e+00
  0.00000000000000e+00
  0.00000000000000e+00
  0.00000000000000e+00
  0.00000000000000e+00
  0.00000000000000e+00
  0.00000000000000e+00
  0.00000000000000e+00
  0.00000000000000e+00
  0.00000000000000e+00
  0.00000000000000e+00
  0.00000000000000e+00
  0.00000000000000e+00
  0.00000000000000e+00
  0.00000000000000e+00
  0.00000000000000e+00
  0.00000000000000e+00
  0.00000000000000e+00
  0.00000000000000e+00
  0.00000000000000e+00
  0.00000000000000e+00
  0.00000000000000e+00
  0.00000000000000e+00
  0.00000000000000e+00
  0.00000000000000e+00
  0.00000000000000e+00
  0.00000000000000e+00
  0.00000000000000e+00
  0.00000000000000e+00
  0.00000000000000e+00
  0.00000000000000e+00
  0.00000000000000e+00
  0.00000000000000e+00
  0.00000000000000e+00
  0.00000000000000e+00
  0.00000000000000e+00
  0.00000000000000e+00
  0.00000000000000e+00
  0.00000000000000e+00
  0.00000000000000e+00
  0.00000000000000e+00
  0.00000000000000e+00
  0.00000000000000e+00
  0.00000000000000e+00
  0.00000000000000e+00
  0.00000000000000e+00
  0.00000000000000e+00
  0.00000000000000e+00
  0.00000000000000e+00
  0.00000000000000e+00
  0.00000000000000e+00
  0.00000000000000e+00
  0.00000000000000e+00
  0.00000000000000e+00
  0.00000000000000e+00
  0.00000000000000e+00
  0.00000000000000e+00
  0.00000000000000e+00
  0.00000000000000e+00
  0.00000000000000e+00
  0.00000000000000e+00
  0.00000000000000e+00
  0.00000000000000e+00
  0.00000000000000e+00
  0.00000000000000e+00
  0.00000000000000e+00
  0.00000000000000e+00
  0.00000000000000e+00
  0.00000000000000e+00
  0.00000000000000e+00
  0.00000000000000e+00
  0.00000000000000e+00
  0.00000000000000e+00
  0.00000000000000e+00
  0.00000000000000e+00
  0.00000000000000e+00
  0.00000000000000e+00
  0.00000000000000e+00
  0.00000000000000e+00
  0.00000000000000e+00
  0.00000000000000e+00
  0.00000000000000e+00
  0.00000000000000e+00
  0.00000000000000e+00
  0.00000000000000e+00
  0.00000000000000e+00
  0.00000000000000e+00
  0.00000000000000e+00
  0.00000000000000e+00
  0.00000000000000e+00
  0.00000000000000e+00
  0.00000000000000e+00
  0.00000000000000e+00
  0.00000000000000e+00
  0.00000000000000e+00
  0.00000000000000e+00
  0.00000000000000e+00
  0.00000000000000e+00
  0.00000000000000e+00
  0.00000000000000e+00
  0.00000000000000e+00
  0.00000000000000e+00
  0.00000000000000e+00
  0.00000000000000e+00
  0.00000000000000e+00
  0.00000000000000e+00
  0.00000000000000e+00
  0.00000000000000e+00
  0.00000000000000e+00
  0.00000000000000e+00
  0.00000000000000e+00
  0.00000000000000e+00
  0.00000000000000e+00
  0.00000000000000e+00
  0.00000000000000e+00
