  3473   1
5.00000000000000e-02
  0.00000000000000e+00
  2.10000000000000e-01
  5.00000000000000e-02
  6.12323399573677e-18
  1.00000000000000e-02
  0.00000000000000e+00
  5.00000000000000e-02
 -2.00000000000000e-01
  2.10000000000000e-01
  0.00000000000000e+00
  0.00000000000000e+00
  0.00000000000000e+00
  2.10000000000000e-01
  0.00000000000000e+00
  6.12323399573677e-18
  1.00000000000000e-02
  0.00000000000000e+00
  0.00000000000000e+00
 -2.00000000000000e-01
  2.10000000000000e-01
  0.00000000000000e+00
  0.00000000000000e+00
 -4.00000000000000e-01
  1.00000000000000e-02
  5.00000000000000e-02
 -4.00000000000000e-01
  1.00000000000000e-02
  5.00000000000000e-02
 -4.00000000000000e-01
  0.00000000000000e+00
  0.00000000000000e+00
 -4.00000000000000e-01
  0.00000000000000e+00
  0.00000000000000e+00
  0.00000000000000e+00
  1.00000000000000e-02
  5.00000000000000e-02
  0.00000000000000e+00
  1.00000000000000e-02
  5.00000000000000e-02
  0.00000000000000e+00
  0.00000000000000e+00
  0.00000000000000e+00
  0.00000000000000e+00
  0.00000000000000e+00
  4.00000000000000e-02
 -2.00000000000000e-01
  2.10000000000000e-01
  0.00000000000000e+00
  3.00000000000000e-02
 -2.00000000000000e-01
  2.10000000000000e-01
  0.00000000000000e+00
  2.00000000000000e-02
 -2.00000000000000e-01
  2.10000000000000e-01
  0.00000000000000e+00
  1.00000000000000e-02
 -2.00000000000000e-01
  2.10000000000000e-01
  0.00000000000000e+00
  4.00000000000000e-02
  6.12323399573677e-18
  1.00000000000000e-02
  0.00000000000000e+00
  3.00000000000000e-02
  6.12323399573677e-18
  1.00000000000000e-02
  0.00000000000000e+00
  2.00000000000000e-02
  6.12323399573677e-18
  1.00000000000000e-02
  0.00000000000000e+00
  1.00000000000000e-02
  6.12323399573677e-18
  1.00000000000000e-02
  0.00000000000000e+00
  4.00000000000000e-02
  0.00000000000000e+00
  2.10000000000000e-01
  3.00000000000000e-02
  0.00000000000000e+00
  2.10000000000000e-01
  2.00000000000000e-02
  0.00000000000000e+00
  2.10000000000000e-01
  1.00000000000000e-02
  0.00000000000000e+00
  2.10000000000000e-01
  5.00000000000000e-02
 -1.43101026184681e-17
  1.76850855515495e-01
  5.00000000000000e-02
 -1.02522414421198e-17
  1.43715904449004e-01
  5.00000000000000e-02
 -6.19429148778384e-18
  1.10580228455229e-01
  5.00000000000000e-02
 -2.14436099589047e-18
  7.75100363417718e-02
  5.00000000000000e-02
  1.89142903019607e-18
  4.45553098941429e-02
  5.00000000000000e-02
 -1.97223886379990e-01
  1.76792491192915e-01
  0.00000000000000e+00
  5.00000000000000e-02
 -1.88162448274391e-01
  1.42214359489732e-01
  0.00000000000000e+00
  5.00000000000000e-02
 -1.72829060405798e-01
  1.09351523214461e-01
  0.00000000000000e+00
  5.00000000000000e-02
 -1.51959882285999e-01
  7.99684877592153e-02
  0.00000000000000e+00
  5.00000000000000e-02
 -1.26428532970499e-01
  5.50295962097036e-02
  0.00000000000000e+00
  5.00000000000000e-02
 -9.72860686674273e-02
  3.52561278807276e-02
  0.00000000000000e+00
  5.00000000000000e-02
 -6.55919941272416e-02
  2.10616759193310e-02
  0.00000000000000e+00
  5.00000000000000e-02
 -3.28986524636655e-02
  1.27243586600845e-02
  0.00000000000000e+00
  5.00000000000000e-02
 -3.33496093750000e-02
  2.10000000000000e-01
  5.00000000000000e-02
 -6.66748046875000e-02
  2.10000000000000e-01
  5.00000000000000e-02
 -1.00000000000000e-01
  2.10000000000000e-01
  5.00000000000000e-02
 -1.33349609375000e-01
  2.10000000000000e-01
  5.00000000000000e-02
 -1.66674804687500e-01
  2.10000000000000e-01
  0.00000000000000e+00
 -6.19429148778384e-18
  1.10580228455229e-01
  0.00000000000000e+00
 -1.43101026184681e-17
  1.76850855515495e-01
  0.00000000000000e+00
 -1.02522414421198e-17
  1.43715904449004e-01
  0.00000000000000e+00
 -2.14436099589047e-18
  7.75100363417719e-02
  0.00000000000000e+00
  1.89142903019607e-18
  4.45553098941429e-02
  0.00000000000000e+00
 -1.51959882285999e-01
  7.99684877592153e-02
  0.00000000000000e+00
  0.00000000000000e+00
 -1.88162448274391e-01
  1.42214359489732e-01
  0.00000000000000e+00
  0.00000000000000e+00
 -1.97223886379990e-01
  1.76792491192915e-01
  0.00000000000000e+00
  0.00000000000000e+00
 -1.72829060405798e-01
  1.09351523214461e-01
  0.00000000000000e+00
  0.00000000000000e+00
 -9.72860686674273e-02
  3.52561278807276e-02
  0.00000000000000e+00
  0.00000000000000e+00
 -1.26428532970499e-01
  5.50295962097036e-02
  0.00000000000000e+00
  0.00000000000000e+00
 -6.55919941272416e-02
  2.10616759193310e-02
  0.00000000000000e+00
  0.00000000000000e+00
 -3.28986524636655e-02
  1.27243586600845e-02
  0.00000000000000e+00
  0.00000000000000e+00
 -1.00000000000000e-01
  2.10000000000000e-01
  0.00000000000000e+00
 -3.33496093750000e-02
  2.10000000000000e-01
  0.00000000000000e+00
 -6.66748046875000e-02
  2.10000000000000e-01
  0.00000000000000e+00
 -1.33349609375000e-01
  2.10000000000000e-01
  0.00000000000000e+00
 -1.66674804687500e-01
  2.10000000000000e-01
  0.00000000000000e+00
 -3.60000000000000e-01
  0.00000000000000e+00
  0.00000000000000e+00
 -3.20000000000000e-01
  0.00000000000000e+00
  0.00000000000000e+00
 -2.80000000000000e-01
  0.00000000000000e+00
  0.00000000000000e+00
 -2.40000000000000e-01
  0.00000000000000e+00
  0.00000000000000e+00
 -2.00000000000000e-01
  0.00000000000000e+00
  0.00000000000000e+00
 -1.60000000000000e-01
  0.00000000000000e+00
  0.00000000000000e+00
 -1.20000000000000e-01
  0.00000000000000e+00
  0.00000000000000e+00
 -8.00000000000001e-02
  0.00000000000000e+00
  0.00000000000000e+00
 -4.00000000000001e-02
  0.00000000000000e+00
  5.00000000000000e-02
 -3.60000000000000e-01
  0.00000000000000e+00
  5.00000000000000e-02
 -3.20000000000000e-01
  0.00000000000000e+00
  5.00000000000000e-02
 -2.80000000000000e-01
  0.00000000000000e+00
  5.00000000000000e-02
 -2.40000000000000e-01
  0.00000000000000e+00
  5.00000000000000e-02
 -2.00000000000000e-01
  0.00000000000000e+00
  5.00000000000000e-02
 -1.60000000000000e-01
  0.00000000000000e+00
  5.00000000000000e-02
 -1.20000000000000e-01
  0.00000000000000e+00
  5.00000000000000e-02
 -8.00000000000001e-02
  0.00000000000000e+00
  5.00000000000000e-02
 -4.00000000000001e-02
  0.00000000000000e+00
  5.00000000000000e-02
 -3.60000000000000e-01
  1.00000000000000e-02
  5.00000000000000e-02
 -3.20000000000000e-01
  1.00000000000000e-02
  5.00000000000000e-02
 -2.80000000000000e-01
  1.00000000000000e-02
  5.00000000000000e-02
 -2.40000000000000e-01
  1.00000000000000e-02
  5.00000000000000e-02
 -2.00000000000000e-01
  1.00000000000000e-02
  5.00000000000000e-02
 -1.60000000000000e-01
  1.00000000000000e-02
  5.00000000000000e-02
 -1.20000000000000e-01
  1.00000000000000e-02
  5.00000000000000e-02
 -8.00000000000001e-02
  1.00000000000000e-02
  5.00000000000000e-02
 -4.00000000000001e-02
  1.00000000000000e-02
  0.00000000000000e+00
 -3.60000000000000e-01
  1.00000000000000e-02
  0.00000000000000e+00
 -3.20000000000000e-01
  1.00000000000000e-02
  0.00000000000000e+00
 -2.80000000000000e-01
  1.00000000000000e-02
  0.00000000000000e+00
 -2.40000000000000e-01
  1.00000000000000e-02
  0.00000000000000e+00
 -2.00000000000000e-01
  1.00000000000000e-02
  0.00000000000000e+00
 -1.60000000000000e-01
  1.00000000000000e-02
  0.00000000000000e+00
 -1.20000000000000e-01
  1.00000000000000e-02
  0.00000000000000e+00
 -8.00000000000001e-02
  1.00000000000000e-02
  0.00000000000000e+00
 -4.00000000000001e-02
  1.00000000000000e-02
  2.50000000000000e-02
 -4.00000000000000e-01
  1.00000000000000e-02
  2.50000000000000e-02
 -4.00000000000000e-01
  0.00000000000000e+00
  2.50000000000000e-02
  0.00000000000000e+00
  1.00000000000000e-02
  2.50000000000000e-02
  0.00000000000000e+00
  0.00000000000000e+00
  1.00000000000000e-02
 -3.33496093750000e-02
  2.10000000000000e-01
  2.00000000000000e-02
 -3.33496093750000e-02
  2.10000000000000e-01
  3.00000000000000e-02
 -3.33496093750000e-02
  2.10000000000000e-01
  4.00000000000000e-02
 -3.33496093750000e-02
  2.10000000000000e-01
  1.00000000000000e-02
 -6.66748046875000e-02
  2.10000000000000e-01
  2.00000000000000e-02
 -6.66748046875000e-02
  2.10000000000000e-01
  3.00000000000000e-02
 -6.66748046875000e-02
  2.10000000000000e-01
  4.00000000000000e-02
 -6.66748046875000e-02
  2.10000000000000e-01
  1.00000000000000e-02
 -1.00000000000000e-01
  2.10000000000000e-01
  2.00000000000000e-02
 -1.00000000000000e-01
  2.10000000000000e-01
  3.00000000000000e-02
 -1.00000000000000e-01
  2.10000000000000e-01
  4.00000000000000e-02
 -1.00000000000000e-01
  2.10000000000000e-01
  1.00000000000000e-02
 -1.33349609375000e-01
  2.10000000000000e-01
  2.00000000000000e-02
 -1.33349609375000e-01
  2.10000000000000e-01
  3.00000000000000e-02
 -1.33349609375000e-01
  2.10000000000000e-01
  4.00000000000000e-02
 -1.33349609375000e-01
  2.10000000000000e-01
  1.00000000000000e-02
 -1.66674804687500e-01
  2.10000000000000e-01
  2.00000000000000e-02
 -1.66674804687500e-01
  2.10000000000000e-01
  3.00000000000000e-02
 -1.66674804687500e-01
  2.10000000000000e-01
  4.00000000000000e-02
 -1.66674804687500e-01
  2.10000000000000e-01
  1.00000000000000e-02
 -1.97223886379990e-01
  1.76792491192915e-01
  0.00000000000000e+00
  2.00000000000000e-02
 -1.97223886379990e-01
  1.76792491192915e-01
  0.00000000000000e+00
  3.00000000000000e-02
 -1.97223886379990e-01
  1.76792491192915e-01
  0.00000000000000e+00
  4.00000000000000e-02
 -1.97223886379990e-01
  1.76792491192915e-01
  0.00000000000000e+00
  1.00000000000000e-02
 -1.88162448274391e-01
  1.42214359489732e-01
  0.00000000000000e+00
  2.00000000000000e-02
 -1.88162448274391e-01
  1.42214359489732e-01
  0.00000000000000e+00
  3.00000000000000e-02
 -1.88162448274391e-01
  1.42214359489732e-01
  0.00000000000000e+00
  4.00000000000000e-02
 -1.88162448274391e-01
  1.42214359489732e-01
  0.00000000000000e+00
  1.00000000000000e-02
 -1.72829060405798e-01
  1.09351523214462e-01
  0.00000000000000e+00
  2.00000000000000e-02
 -1.72829060405798e-01
  1.09351523214461e-01
  0.00000000000000e+00
  3.00000000000000e-02
 -1.72829060405797e-01
  1.09351523214461e-01
  0.00000000000000e+00
  4.00000000000000e-02
 -1.72829060405798e-01
  1.09351523214461e-01
  0.00000000000000e+00
  1.00000000000000e-02
 -1.51959882285999e-01
  7.99684877592153e-02
  0.00000000000000e+00
  2.00000000000000e-02
 -1.51959882285999e-01
  7.99684877592153e-02
  0.00000000000000e+00
  3.00000000000000e-02
 -1.51959882285999e-01
  7.99684877592153e-02
  0.00000000000000e+00
  4.00000000000000e-02
 -1.51959882285999e-01
  7.99684877592153e-02
  0.00000000000000e+00
  1.00000000000000e-02
 -1.26428532970499e-01
  5.50295962097036e-02
  0.00000000000000e+00
  2.00000000000000e-02
 -1.26428532970499e-01
  5.50295962097036e-02
  0.00000000000000e+00
  3.00000000000000e-02
 -1.26428532970499e-01
  5.50295962097036e-02
  0.00000000000000e+00
  4.00000000000000e-02
 -1.26428532970499e-01
  5.50295962097036e-02
  0.00000000000000e+00
  1.00000000000000e-02
 -9.72860686674273e-02
  3.52561278807276e-02
  0.00000000000000e+00
  2.00000000000000e-02
 -9.72860686674271e-02
  3.52561278807275e-02
  0.00000000000000e+00
  3.00000000000000e-02
 -9.72860686674273e-02
  3.52561278807276e-02
  0.00000000000000e+00
  4.00000000000000e-02
 -9.72860686674272e-02
  3.52561278807275e-02
  0.00000000000000e+00
  1.00000000000000e-02
 -6.55919941272416e-02
  2.10616759193310e-02
  0.00000000000000e+00
  2.00000000000000e-02
 -6.55919941272415e-02
  2.10616759193309e-02
  0.00000000000000e+00
  3.00000000000000e-02
 -6.55919941272415e-02
  2.10616759193310e-02
  0.00000000000000e+00
  4.00000000000000e-02
 -6.55919941272415e-02
  2.10616759193310e-02
  0.00000000000000e+00
  1.00000000000000e-02
 -3.28986524636656e-02
  1.27243586600845e-02
  0.00000000000000e+00
  2.00000000000000e-02
 -3.28986524636653e-02
  1.27243586600845e-02
  0.00000000000000e+00
  3.00000000000000e-02
 -3.28986524636653e-02
  1.27243586600845e-02
  0.00000000000000e+00
  4.00000000000000e-02
 -3.28986524636653e-02
  1.27243586600845e-02
  0.00000000000000e+00
  1.00000000000000e-02
  1.89142903019607e-18
  4.45553098941429e-02
  2.00000000000000e-02
  1.89142903019607e-18
  4.45553098941429e-02
  3.00000000000000e-02
  1.89142903019607e-18
  4.45553098941429e-02
  4.00000000000000e-02
  1.89142903019607e-18
  4.45553098941429e-02
  1.00000000000000e-02
 -2.14436099589047e-18
  7.75100363417718e-02
  2.00000000000000e-02
 -2.14436099589047e-18
  7.75100363417718e-02
  3.00000000000000e-02
 -2.14436099589047e-18
  7.75100363417718e-02
  4.00000000000000e-02
 -2.14436099589047e-18
  7.75100363417718e-02
  1.00000000000000e-02
 -6.19429148778384e-18
  1.10580228455229e-01
  2.00000000000000e-02
 -6.19429148778384e-18
  1.10580228455229e-01
  3.00000000000000e-02
 -6.19429148778384e-18
  1.10580228455229e-01
  4.00000000000000e-02
 -6.19429148778384e-18
  1.10580228455229e-01
  1.00000000000000e-02
 -1.02522414421198e-17
  1.43715904449004e-01
  2.00000000000000e-02
 -1.02522414421198e-17
  1.43715904449004e-01
  3.00000000000000e-02
 -1.02522414421198e-17
  1.43715904449004e-01
  4.00000000000000e-02
 -1.02522414421198e-17
  1.43715904449004e-01
  1.00000000000000e-02
 -1.43101026184681e-17
  1.76850855515495e-01
  2.00000000000000e-02
 -1.43101026184681e-17
  1.76850855515495e-01
  3.00000000000000e-02
 -1.43101026184681e-17
  1.76850855515495e-01
  4.00000000000000e-02
 -1.43101026184681e-17
  1.76850855515495e-01
  5.00000000000000e-02
 -7.84242679655822e-02
  6.26659028987284e-02
  5.00000000000000e-02
 -5.59406951476173e-02
  1.08820041912416e-01
  5.00000000000000e-02
 -1.65371829269065e-01
  1.77456136213167e-01
  5.00000000000000e-02
 -1.37626086724452e-01
  1.70254480943664e-01
  5.00000000000000e-02
 -1.00694455895611e-01
  1.72064505859830e-01
  5.00000000000000e-02
 -6.64465797229397e-02
  1.74721821442862e-01
  5.00000000000000e-02
 -3.24924002402347e-02
  1.76610836515248e-01
  5.00000000000000e-02
 -3.00951293997103e-02
  1.43465321224697e-01
  5.00000000000000e-02
 -2.61899972056094e-02
  1.10101644961207e-01
  5.00000000000000e-02
 -2.68142924954085e-02
  7.90582717655261e-02
  5.00000000000000e-02
 -2.63460592494894e-02
  4.71165667799159e-02
  5.00000000000000e-02
 -5.69312530452218e-02
  5.30017434987039e-02
  5.00000000000000e-02
 -1.00964260942579e-01
  8.12459042169534e-02
  5.00000000000000e-02
 -1.23830112394818e-01
  1.05781984477067e-01
  5.00000000000000e-02
 -1.49331098360418e-01
  1.22938716212979e-01
  5.00000000000000e-02
 -1.60122865661718e-01
  1.53215923227579e-01
  5.00000000000000e-02
 -1.29948808068188e-01
  1.40124375622338e-01
  5.00000000000000e-02
 -9.87699795160535e-02
  1.30527892073954e-01
  5.00000000000000e-02
 -6.23579926482137e-02
  1.41121995734293e-01
  5.00000000000000e-02
 -5.85822526913207e-02
  8.10932104894625e-02
  5.00000000000000e-02
 -7.85642970754380e-02
  1.00421762172120e-01
  0.00000000000000e+00
 -7.84242679655822e-02
  6.26659028987283e-02
  0.00000000000000e+00
 -5.59406951476173e-02
  1.08820041912416e-01
  0.00000000000000e+00
 -1.65371829269065e-01
  1.77456136213167e-01
  0.00000000000000e+00
 -1.37626086724452e-01
  1.70254480943664e-01
  0.00000000000000e+00
 -1.00694455895611e-01
  1.72064505859830e-01
  0.00000000000000e+00
 -6.64465797229397e-02
  1.74721821442862e-01
  0.00000000000000e+00
 -3.24924002402347e-02
  1.76610836515248e-01
  0.00000000000000e+00
 -3.00951293997103e-02
  1.43465321224697e-01
  0.00000000000000e+00
 -2.61899971944671e-02
  1.10101644940285e-01
  0.00000000000000e+00
 -2.68142924954085e-02
  7.90582717655261e-02
  0.00000000000000e+00
 -2.63460592494894e-02
  4.71165667799159e-02
  0.00000000000000e+00
 -5.69312530452218e-02
  5.30017434987039e-02
  0.00000000000000e+00
 -1.00964260942579e-01
  8.12459042169534e-02
  0.00000000000000e+00
 -1.23830112394818e-01
  1.05781984477067e-01
  0.00000000000000e+00
 -1.49331098360418e-01
  1.22938716212979e-01
  0.00000000000000e+00
 -1.60122865659012e-01
  1.53215923220184e-01
  0.00000000000000e+00
 -1.29948808068188e-01
  1.40124375622338e-01
  0.00000000000000e+00
 -9.87699795160535e-02
  1.30527892073954e-01
  0.00000000000000e+00
 -6.23579926482136e-02
  1.41121995734293e-01
  0.00000000000000e+00
 -5.85822526913207e-02
  8.10932104894625e-02
  0.00000000000000e+00
 -7.85642970748334e-02
  1.00421762172752e-01
  2.50000000000000e-02
 -4.00000000000000e-02
  0.00000000000000e+00
  2.50000000000000e-02
 -8.00000000000001e-02
  0.00000000000000e+00
  2.50000000000000e-02
 -1.20000000000000e-01
  0.00000000000000e+00
  2.50000000000000e-02
 -1.60000000000000e-01
  0.00000000000000e+00
  2.50000000000000e-02
 -2.00000000000000e-01
  0.00000000000000e+00
  2.50000000000000e-02
 -2.40000000000000e-01
  0.00000000000000e+00
  2.50000000000000e-02
 -2.80000000000000e-01
  0.00000000000000e+00
  2.50000000000000e-02
 -3.20000000000000e-01
  0.00000000000000e+00
  2.50000000000000e-02
 -3.60000000000000e-01
  0.00000000000000e+00
  2.50000000000000e-02
 -4.00000000000000e-02
  1.00000000000000e-02
  2.50000000000000e-02
 -8.00000000000001e-02
  1.00000000000000e-02
  2.50000000000000e-02
 -1.20000000000000e-01
  1.00000000000000e-02
  2.50000000000000e-02
 -1.60000000000000e-01
  1.00000000000000e-02
  2.50000000000000e-02
 -2.00000000000000e-01
  1.00000000000000e-02
  2.50000000000000e-02
 -2.40000000000000e-01
  1.00000000000000e-02
  2.50000000000000e-02
 -2.80000000000000e-01
  1.00000000000000e-02
  2.50000000000000e-02
 -3.20000000000000e-01
  1.00000000000000e-02
  2.50000000000000e-02
 -3.60000000000000e-01
  1.00000000000000e-02
  1.00000000000000e-02
 -1.65371829269065e-01
  1.77456136213167e-01
  2.00000000000000e-02
 -1.65371829269065e-01
  1.77456136213167e-01
  3.00000000000000e-02
 -1.65371829269065e-01
  1.77456136213167e-01
  4.00000000000000e-02
 -1.65371829269065e-01
  1.77456136213167e-01
  1.00000000000000e-02
 -1.37626086724452e-01
  1.70254480943664e-01
  2.00000000000000e-02
 -1.37626086724452e-01
  1.70254480943664e-01
  3.00000000000000e-02
 -1.37626086724452e-01
  1.70254480943664e-01
  4.00000000000000e-02
 -1.37626086724452e-01
  1.70254480943664e-01
  1.00000000000000e-02
 -1.00694455895611e-01
  1.72064505859830e-01
  2.00000000000000e-02
 -1.00694455895611e-01
  1.72064505859830e-01
  3.00000000000000e-02
 -1.00694455895611e-01
  1.72064505859830e-01
  4.00000000000000e-02
 -1.00694455895611e-01
  1.72064505859830e-01
  1.00000000000000e-02
 -6.64465797229398e-02
  1.74721821442862e-01
  2.00000000000000e-02
 -6.64465797229397e-02
  1.74721821442862e-01
  3.00000000000000e-02
 -6.64465797229397e-02
  1.74721821442862e-01
  4.00000000000000e-02
 -6.64465797229397e-02
  1.74721821442862e-01
  1.00000000000000e-02
 -3.24924002402347e-02
  1.76610836515248e-01
  2.00000000000000e-02
 -3.24924002402347e-02
  1.76610836515248e-01
  3.00000000000000e-02
 -3.24924002402347e-02
  1.76610836515248e-01
  4.00000000000000e-02
 -3.24924002402346e-02
  1.76610836515248e-01
  1.00000000000000e-02
 -3.00951293997103e-02
  1.43465321224697e-01
  2.00000000000000e-02
 -3.00951293997103e-02
  1.43465321224696e-01
  3.00000000000000e-02
 -3.00951293997103e-02
  1.43465321224696e-01
  4.00000000000000e-02
 -3.00951293997103e-02
  1.43465321224696e-01
  1.00000000000000e-02
 -2.61899971966955e-02
  1.10101644944469e-01
  2.00000000000000e-02
 -2.61899971989240e-02
  1.10101644948654e-01
  3.00000000000000e-02
 -2.61899972011525e-02
  1.10101644952838e-01
  4.00000000000000e-02
 -2.61899972033809e-02
  1.10101644957023e-01
  1.00000000000000e-02
 -2.68142924954085e-02
  7.90582717655260e-02
  2.00000000000000e-02
 -2.68142924954085e-02
  7.90582717655261e-02
  3.00000000000000e-02
 -2.68142924954085e-02
  7.90582717655260e-02
  4.00000000000000e-02
 -2.68142924954085e-02
  7.90582717655260e-02
  1.00000000000000e-02
 -2.63460592494894e-02
  4.71165667799159e-02
  2.00000000000000e-02
 -2.63460592494893e-02
  4.71165667799159e-02
  3.00000000000000e-02
 -2.63460592494894e-02
  4.71165667799159e-02
  4.00000000000000e-02
 -2.63460592494893e-02
  4.71165667799159e-02
  1.00000000000000e-02
 -5.69312530452218e-02
  5.30017434987039e-02
  2.00000000000000e-02
 -5.69312530452217e-02
  5.30017434987039e-02
  3.00000000000000e-02
 -5.69312530452217e-02
  5.30017434987039e-02
  4.00000000000000e-02
 -5.69312530452217e-02
  5.30017434987039e-02
  1.00000000000000e-02
 -1.00964260942579e-01
  8.12459042169534e-02
  2.00000000000000e-02
 -1.00964260942579e-01
  8.12459042169533e-02
  3.00000000000000e-02
 -1.00964260942578e-01
  8.12459042169533e-02
  4.00000000000000e-02
 -1.00964260942578e-01
  8.12459042169533e-02
  1.00000000000000e-02
 -7.84242679655823e-02
  6.26659028987283e-02
  2.00000000000000e-02
 -7.84242679655821e-02
  6.26659028987283e-02
  3.00000000000000e-02
 -7.84242679655821e-02
  6.26659028987283e-02
  4.00000000000000e-02
 -7.84242679655822e-02
  6.26659028987283e-02
  1.00000000000000e-02
 -1.23830112394818e-01
  1.05781984477067e-01
  2.00000000000000e-02
 -1.23830112394818e-01
  1.05781984477067e-01
  3.00000000000000e-02
 -1.23830112394818e-01
  1.05781984477067e-01
  4.00000000000000e-02
 -1.23830112394818e-01
  1.05781984477067e-01
  1.00000000000000e-02
 -1.49331098360418e-01
  1.22938716212979e-01
  2.00000000000000e-02
 -1.49331098360418e-01
  1.22938716212979e-01
  3.00000000000000e-02
 -1.49331098360418e-01
  1.22938716212979e-01
  4.00000000000000e-02
 -1.49331098360418e-01
  1.22938716212979e-01
  1.00000000000000e-02
 -1.60122865659553e-01
  1.53215923221663e-01
  2.00000000000000e-02
 -1.60122865660094e-01
  1.53215923223142e-01
  3.00000000000000e-02
 -1.60122865660635e-01
  1.53215923224621e-01
  4.00000000000000e-02
 -1.60122865661177e-01
  1.53215923226100e-01
  1.00000000000000e-02
 -9.87699795160536e-02
  1.30527892073954e-01
  2.00000000000000e-02
 -9.87699795160535e-02
  1.30527892073954e-01
  3.00000000000000e-02
 -9.87699795160535e-02
  1.30527892073954e-01
  4.00000000000000e-02
 -9.87699795160535e-02
  1.30527892073954e-01
  1.00000000000000e-02
 -1.29948808068188e-01
  1.40124375622338e-01
  2.00000000000000e-02
 -1.29948808068187e-01
  1.40124375622338e-01
  3.00000000000000e-02
 -1.29948808068187e-01
  1.40124375622337e-01
  4.00000000000000e-02
 -1.29948808068187e-01
  1.40124375622338e-01
  1.00000000000000e-02
 -6.23579926482137e-02
  1.41121995734292e-01
  2.00000000000000e-02
 -6.23579926482136e-02
  1.41121995734292e-01
  3.00000000000000e-02
 -6.23579926482136e-02
  1.41121995734292e-01
  4.00000000000000e-02
 -6.23579926482136e-02
  1.41121995734292e-01
  1.00000000000000e-02
 -7.85642970749543e-02
  1.00421762172625e-01
  2.00000000000000e-02
 -7.85642970750752e-02
  1.00421762172499e-01
  3.00000000000000e-02
 -7.85642970751961e-02
  1.00421762172372e-01
  4.00000000000000e-02
 -7.85642970753171e-02
  1.00421762172246e-01
  1.00000000000000e-02
 -5.85822526913208e-02
  8.10932104894624e-02
  2.00000000000000e-02
 -5.85822526913207e-02
  8.10932104894624e-02
  3.00000000000000e-02
 -5.85822526913207e-02
  8.10932104894624e-02
  4.00000000000000e-02
 -5.85822526913207e-02
  8.10932104894624e-02
  1.00000000000000e-02
 -5.59406951476173e-02
  1.08820041912416e-01
  2.00000000000000e-02
 -5.59406951476172e-02
  1.08820041912416e-01
  3.00000000000000e-02
 -5.59406951476172e-02
  1.08820041912416e-01
  4.00000000000000e-02
 -5.59406951476172e-02
  1.08820041912416e-01
  4.50000000000000e-02
 -2.00000000000000e-01
  2.10000000000000e-01
  0.00000000000000e+00
  3.50000000000000e-02
 -2.00000000000000e-01
  2.10000000000000e-01
  0.00000000000000e+00
  2.50000000000000e-02
 -2.00000000000000e-01
  2.10000000000000e-01
  0.00000000000000e+00
  1.50000000000000e-02
 -2.00000000000000e-01
  2.10000000000000e-01
  0.00000000000000e+00
  5.00000000000000e-03
 -2.00000000000000e-01
  2.10000000000000e-01
  0.00000000000000e+00
  4.50000000000000e-02
  6.12323399573677e-18
  1.00000000000000e-02
  0.00000000000000e+00
  3.50000000000000e-02
  6.12323399573677e-18
  1.00000000000000e-02
  0.00000000000000e+00
  2.50000000000000e-02
  6.12323399573677e-18
  1.00000000000000e-02
  0.00000000000000e+00
  1.50000000000000e-02
  6.12323399573677e-18
  1.00000000000000e-02
  0.00000000000000e+00
  5.00000000000000e-03
  6.12323399573677e-18
  1.00000000000000e-02
  0.00000000000000e+00
  4.50000000000000e-02
  0.00000000000000e+00
  2.10000000000000e-01
  3.50000000000000e-02
  0.00000000000000e+00
  2.10000000000000e-01
  2.50000000000000e-02
  0.00000000000000e+00
  2.10000000000000e-01
  1.50000000000000e-02
  0.00000000000000e+00
  2.10000000000000e-01
  5.00000000000000e-03
  0.00000000000000e+00
  2.10000000000000e-01
  5.00000000000000e-02
 -1.63399023028392e-17
  1.93425427757748e-01
  5.00000000000000e-02
 -1.22811720302940e-17
  1.60283379982250e-01
  5.00000000000000e-02
 -8.22326646495184e-18
  1.27148066452117e-01
  5.00000000000000e-02
 -4.16932624183716e-18
  9.40451323985006e-02
  5.00000000000000e-02
 -1.26465982847198e-19
  6.10326731179573e-02
  5.00000000000000e-02
  4.00733151296642e-18
  2.72776549470715e-02
  5.00000000000000e-02
 -1.99304763209511e-01
  1.93338326554606e-01
  0.00000000000000e+00
  5.00000000000000e-02
 -1.93467228575295e-01
  1.59300577247915e-01
  0.00000000000000e+00
  5.00000000000000e-02
 -1.81242127654730e-01
  1.25434692910233e-01
  0.00000000000000e+00
  5.00000000000000e-02
 -1.63057673897474e-01
  9.41889686465700e-02
  0.00000000000000e+00
  5.00000000000000e-02
 -1.39751617218498e-01
  6.69283903605807e-02
  0.00000000000000e+00
  5.00000000000000e-02
 -1.12293380298855e-01
  4.45001609032301e-02
  0.00000000000000e+00
  5.00000000000000e-02
 -8.17476999771682e-02
  2.74696914251146e-02
  0.00000000000000e+00
  5.00000000000000e-02
 -4.94214485951603e-02
  1.62023725151519e-02
  0.00000000000000e+00
  5.00000000000000e-02
 -1.65056313423164e-02
  1.06822533390678e-02
  0.00000000000000e+00
  5.00000000000000e-02
 -1.66748046875000e-02
  2.10000000000000e-01
  5.00000000000000e-02
 -5.00122070312500e-02
  2.10000000000000e-01
  5.00000000000000e-02
 -8.33374023437500e-02
  2.10000000000000e-01
  5.00000000000000e-02
 -1.16674804687500e-01
  2.10000000000000e-01
  5.00000000000000e-02
 -1.50012207031250e-01
  2.10000000000000e-01
  5.00000000000000e-02
 -1.83337402343750e-01
  2.10000000000000e-01
  0.00000000000000e+00
 -1.63399023028392e-17
  1.93425427757748e-01
  0.00000000000000e+00
 -1.22811720302940e-17
  1.60283379982250e-01
  0.00000000000000e+00
 -8.22326646495184e-18
  1.27148066452117e-01
  0.00000000000000e+00
 -4.16932624183716e-18
  9.40451323985006e-02
  0.00000000000000e+00
 -1.26465982847202e-19
  6.10326731179574e-02
  0.00000000000000e+00
  4.00733151296642e-18
  2.72776549470714e-02
  0.00000000000000e+00
 -1.99304763209511e-01
  1.93338326554606e-01
  0.00000000000000e+00
  0.00000000000000e+00
 -1.93467228575295e-01
  1.59300577247915e-01
  0.00000000000000e+00
  0.00000000000000e+00
 -1.81242127654730e-01
  1.25434692910233e-01
  0.00000000000000e+00
  0.00000000000000e+00
 -1.63057673897474e-01
  9.41889686465700e-02
  0.00000000000000e+00
  0.00000000000000e+00
 -1.39751617218498e-01
  6.69283903605807e-02
  0.00000000000000e+00
  0.00000000000000e+00
 -1.12293380298855e-01
  4.45001609032299e-02
  0.00000000000000e+00
  0.00000000000000e+00
 -8.17476999771684e-02
  2.74696914251146e-02
  0.00000000000000e+00
  0.00000000000000e+00
 -4.94214485951603e-02
  1.62023725151519e-02
  0.00000000000000e+00
  0.00000000000000e+00
 -1.65056313423164e-02
  1.06822533390678e-02
  0.00000000000000e+00
  0.00000000000000e+00
 -1.66748046875000e-02
  2.10000000000000e-01
  0.00000000000000e+00
 -5.00122070312500e-02
  2.10000000000000e-01
  0.00000000000000e+00
 -8.33374023437500e-02
  2.10000000000000e-01
  0.00000000000000e+00
 -1.16674804687500e-01
  2.10000000000000e-01
  0.00000000000000e+00
 -1.50012207031250e-01
  2.10000000000000e-01
  0.00000000000000e+00
 -1.83337402343750e-01
  2.10000000000000e-01
  0.00000000000000e+00
 -3.80000000000000e-01
  0.00000000000000e+00
  0.00000000000000e+00
 -3.40000000000000e-01
  0.00000000000000e+00
  0.00000000000000e+00
 -3.00000000000000e-01
  0.00000000000000e+00
  0.00000000000000e+00
 -2.60000000000000e-01
  0.00000000000000e+00
  0.00000000000000e+00
 -2.20000000000000e-01
  0.00000000000000e+00
  0.00000000000000e+00
 -1.80000000000000e-01
  0.00000000000000e+00
  0.00000000000000e+00
 -1.40000000000000e-01
  0.00000000000000e+00
  0.00000000000000e+00
 -1.00000000000000e-01
  0.00000000000000e+00
  0.00000000000000e+00
 -6.00000000000001e-02
  0.00000000000000e+00
  0.00000000000000e+00
 -2.00000000000000e-02
  0.00000000000000e+00
  5.00000000000000e-02
 -3.80000000000000e-01
  0.00000000000000e+00
  5.00000000000000e-02
 -3.40000000000000e-01
  0.00000000000000e+00
  5.00000000000000e-02
 -3.00000000000000e-01
  0.00000000000000e+00
  5.00000000000000e-02
 -2.60000000000000e-01
  0.00000000000000e+00
  5.00000000000000e-02
 -2.20000000000000e-01
  0.00000000000000e+00
  5.00000000000000e-02
 -1.80000000000000e-01
  0.00000000000000e+00
  5.00000000000000e-02
 -1.40000000000000e-01
  0.00000000000000e+00
  5.00000000000000e-02
 -1.00000000000000e-01
  0.00000000000000e+00
  5.00000000000000e-02
 -6.00000000000001e-02
  0.00000000000000e+00
  5.00000000000000e-02
 -2.00000000000000e-02
  0.00000000000000e+00
  5.00000000000000e-02
 -3.80000000000000e-01
  1.00000000000000e-02
  5.00000000000000e-02
 -3.40000000000000e-01
  1.00000000000000e-02
  5.00000000000000e-02
 -3.00000000000000e-01
  1.00000000000000e-02
  5.00000000000000e-02
 -2.60000000000000e-01
  1.00000000000000e-02
  5.00000000000000e-02
 -2.20000000000000e-01
  1.00000000000000e-02
  5.00000000000000e-02
 -1.80000000000000e-01
  1.00000000000000e-02
  5.00000000000000e-02
 -1.40000000000000e-01
  1.00000000000000e-02
  5.00000000000000e-02
 -1.00000000000000e-01
  1.00000000000000e-02
  5.00000000000000e-02
 -6.00000000000001e-02
  1.00000000000000e-02
  5.00000000000000e-02
 -2.00000000000000e-02
  1.00000000000000e-02
  0.00000000000000e+00
 -3.80000000000000e-01
  1.00000000000000e-02
  0.00000000000000e+00
 -3.40000000000000e-01
  1.00000000000000e-02
  0.00000000000000e+00
 -3.00000000000000e-01
  1.00000000000000e-02
  0.00000000000000e+00
 -2.60000000000000e-01
  1.00000000000000e-02
  0.00000000000000e+00
 -2.20000000000000e-01
  1.00000000000000e-02
  0.00000000000000e+00
 -1.80000000000000e-01
  1.00000000000000e-02
  0.00000000000000e+00
 -1.40000000000000e-01
  1.00000000000000e-02
  0.00000000000000e+00
 -1.00000000000000e-01
  1.00000000000000e-02
  0.00000000000000e+00
 -6.00000000000001e-02
  1.00000000000000e-02
  0.00000000000000e+00
 -2.00000000000000e-02
  1.00000000000000e-02
  1.25000000000000e-02
 -4.00000000000000e-01
  1.00000000000000e-02
  3.75000000000000e-02
 -4.00000000000000e-01
  1.00000000000000e-02
  5.00000000000000e-02
 -4.00000000000000e-01
  5.00000000000000e-03
  1.25000000000000e-02
 -4.00000000000000e-01
  0.00000000000000e+00
  3.75000000000000e-02
 -4.00000000000000e-01
  0.00000000000000e+00
  0.00000000000000e+00
 -4.00000000000000e-01
  5.00000000000000e-03
  1.25000000000000e-02
  0.00000000000000e+00
  1.00000000000000e-02
  3.75000000000000e-02
  0.00000000000000e+00
  1.00000000000000e-02
  5.00000000000000e-02
  0.00000000000000e+00
  5.00000000000000e-03
  1.25000000000000e-02
  0.00000000000000e+00
  0.00000000000000e+00
  3.75000000000000e-02
  0.00000000000000e+00
  0.00000000000000e+00
  0.00000000000000e+00
  0.00000000000000e+00
  5.00000000000000e-03
  1.00000000000000e-02
 -1.66748046875000e-02
  2.10000000000000e-01
  2.00000000000000e-02
 -1.66748046875000e-02
  2.10000000000000e-01
  3.00000000000000e-02
 -1.66748046875000e-02
  2.10000000000000e-01
  4.00000000000000e-02
 -1.66748046875000e-02
  2.10000000000000e-01
  1.00000000000000e-02
 -5.00122070312500e-02
  2.10000000000000e-01
  2.00000000000000e-02
 -5.00122070312500e-02
  2.10000000000000e-01
  3.00000000000000e-02
 -5.00122070312500e-02
  2.10000000000000e-01
  4.00000000000000e-02
 -5.00122070312500e-02
  2.10000000000000e-01
  1.00000000000000e-02
 -8.33374023437500e-02
  2.10000000000000e-01
  2.00000000000000e-02
 -8.33374023437500e-02
  2.10000000000000e-01
  3.00000000000000e-02
 -8.33374023437500e-02
  2.10000000000000e-01
  4.00000000000000e-02
 -8.33374023437500e-02
  2.10000000000000e-01
  1.00000000000000e-02
 -1.16674804687500e-01
  2.10000000000000e-01
  2.00000000000000e-02
 -1.16674804687500e-01
  2.10000000000000e-01
  3.00000000000000e-02
 -1.16674804687500e-01
  2.10000000000000e-01
  4.00000000000000e-02
 -1.16674804687500e-01
  2.10000000000000e-01
  1.00000000000000e-02
 -1.50012207031250e-01
  2.10000000000000e-01
  2.00000000000000e-02
 -1.50012207031250e-01
  2.10000000000000e-01
  3.00000000000000e-02
 -1.50012207031250e-01
  2.10000000000000e-01
  4.00000000000000e-02
 -1.50012207031250e-01
  2.10000000000000e-01
  1.00000000000000e-02
 -1.83337402343750e-01
  2.10000000000000e-01
  2.00000000000000e-02
 -1.83337402343750e-01
  2.10000000000000e-01
  3.00000000000000e-02
 -1.83337402343750e-01
  2.10000000000000e-01
  4.00000000000000e-02
 -1.83337402343750e-01
  2.10000000000000e-01
  5.00000000000001e-03
 -3.33496093750000e-02
  2.10000000000000e-01
  1.50000000000000e-02
 -3.33496093750000e-02
  2.10000000000000e-01
  2.50000000000000e-02
 -3.33496093750000e-02
  2.10000000000000e-01
  3.50000000000000e-02
 -3.33496093750000e-02
  2.10000000000000e-01
  4.50000000000000e-02
 -3.33496093750000e-02
  2.10000000000000e-01
  5.00000000000001e-03
 -6.66748046875000e-02
  2.10000000000000e-01
  1.50000000000000e-02
 -6.66748046875000e-02
  2.10000000000000e-01
  2.50000000000000e-02
 -6.66748046875000e-02
  2.10000000000000e-01
  3.50000000000000e-02
 -6.66748046875000e-02
  2.10000000000000e-01
  4.50000000000000e-02
 -6.66748046875000e-02
  2.10000000000000e-01
  5.00000000000000e-03
 -1.00000000000000e-01
  2.10000000000000e-01
  1.50000000000000e-02
 -1.00000000000000e-01
  2.10000000000000e-01
  2.50000000000000e-02
 -1.00000000000000e-01
  2.10000000000000e-01
  3.50000000000000e-02
 -1.00000000000000e-01
  2.10000000000000e-01
  4.50000000000000e-02
 -1.00000000000000e-01
  2.10000000000000e-01
  5.00000000000001e-03
 -1.33349609375000e-01
  2.10000000000000e-01
  1.50000000000000e-02
 -1.33349609375000e-01
  2.10000000000000e-01
  2.50000000000000e-02
 -1.33349609375000e-01
  2.10000000000000e-01
  3.50000000000000e-02
 -1.33349609375000e-01
  2.10000000000000e-01
  4.50000000000000e-02
 -1.33349609375000e-01
  2.10000000000000e-01
  5.00000000000000e-03
 -1.66674804687500e-01
  2.10000000000000e-01
  1.50000000000000e-02
 -1.66674804687500e-01
  2.10000000000000e-01
  2.50000000000000e-02
 -1.66674804687500e-01
  2.10000000000000e-01
  3.50000000000000e-02
 -1.66674804687500e-01
  2.10000000000000e-01
  4.50000000000000e-02
 -1.66674804687500e-01
  2.10000000000000e-01
  1.00000000000000e-02
 -1.99304763209511e-01
  1.93338326554606e-01
  0.00000000000000e+00
  2.00000000000000e-02
 -1.99304763209511e-01
  1.93338326554606e-01
  0.00000000000000e+00
  3.00000000000000e-02
 -1.99304763209511e-01
  1.93338326554606e-01
  0.00000000000000e+00
  4.00000000000000e-02
 -1.99304763209511e-01
  1.93338326554606e-01
  0.00000000000000e+00
  1.00000000000000e-02
 -1.93467228575295e-01
  1.59300577247915e-01
  0.00000000000000e+00
  2.00000000000000e-02
 -1.93467228575295e-01
  1.59300577247915e-01
  0.00000000000000e+00
  3.00000000000000e-02
 -1.93467228575295e-01
  1.59300577247915e-01
  0.00000000000000e+00
  4.00000000000000e-02
 -1.93467228575295e-01
  1.59300577247915e-01
  0.00000000000000e+00
  1.00000000000000e-02
 -1.81242127654730e-01
  1.25434692910233e-01
  0.00000000000000e+00
  2.00000000000000e-02
 -1.81242127654730e-01
  1.25434692910233e-01
  0.00000000000000e+00
  3.00000000000000e-02
 -1.81242127654730e-01
  1.25434692910233e-01
  0.00000000000000e+00
  4.00000000000000e-02
 -1.81242127654730e-01
  1.25434692910233e-01
  0.00000000000000e+00
  1.00000000000000e-02
 -1.63057673897474e-01
  9.41889686465701e-02
  0.00000000000000e+00
  2.00000000000000e-02
 -1.63057673897474e-01
  9.41889686465700e-02
  0.00000000000000e+00
  3.00000000000000e-02
 -1.63057673897474e-01
  9.41889686465700e-02
  0.00000000000000e+00
  4.00000000000000e-02
 -1.63057673897474e-01
  9.41889686465700e-02
  0.00000000000000e+00
  1.00000000000000e-02
 -1.39751617218498e-01
  6.69283903605805e-02
  0.00000000000000e+00
  2.00000000000000e-02
 -1.39751617218498e-01
  6.69283903605805e-02
  0.00000000000000e+00
  3.00000000000000e-02
 -1.39751617218498e-01
  6.69283903605806e-02
  0.00000000000000e+00
  4.00000000000000e-02
 -1.39751617218498e-01
  6.69283903605805e-02
  0.00000000000000e+00
  1.00000000000000e-02
 -1.12293380298855e-01
  4.45001609032301e-02
  0.00000000000000e+00
  2.00000000000000e-02
 -1.12293380298855e-01
  4.45001609032301e-02
  0.00000000000000e+00
  3.00000000000000e-02
 -1.12293380298855e-01
  4.45001609032301e-02
  0.00000000000000e+00
  4.00000000000000e-02
 -1.12293380298855e-01
  4.45001609032301e-02
  0.00000000000000e+00
  1.00000000000000e-02
 -8.17476999771684e-02
  2.74696914251146e-02
  0.00000000000000e+00
  2.00000000000000e-02
 -8.17476999771683e-02
  2.74696914251146e-02
  0.00000000000000e+00
  3.00000000000000e-02
 -8.17476999771680e-02
  2.74696914251145e-02
  0.00000000000000e+00
  4.00000000000000e-02
 -8.17476999771682e-02
  2.74696914251145e-02
  0.00000000000000e+00
  1.00000000000000e-02
 -4.94214485951603e-02
  1.62023725151519e-02
  0.00000000000000e+00
  2.00000000000000e-02
 -4.94214485951601e-02
  1.62023725151519e-02
  0.00000000000000e+00
  3.00000000000000e-02
 -4.94214485951603e-02
  1.62023725151519e-02
  0.00000000000000e+00
  4.00000000000000e-02
 -4.94214485951603e-02
  1.62023725151519e-02
  0.00000000000000e+00
  1.00000000000000e-02
 -1.65056313423164e-02
  1.06822533390678e-02
  0.00000000000000e+00
  2.00000000000000e-02
 -1.65056313423161e-02
  1.06822533390678e-02
  0.00000000000000e+00
  3.00000000000000e-02
 -1.65056313423163e-02
  1.06822533390678e-02
  0.00000000000000e+00
  4.00000000000000e-02
 -1.65056313423163e-02
  1.06822533390678e-02
  0.00000000000000e+00
  5.00000000000001e-03
 -1.97223886379990e-01
  1.76792491192915e-01
  0.00000000000000e+00
  1.50000000000000e-02
 -1.97223886379990e-01
  1.76792491192915e-01
  0.00000000000000e+00
  2.50000000000000e-02
 -1.97223886379990e-01
  1.76792491192915e-01
  0.00000000000000e+00
  3.50000000000000e-02
 -1.97223886379990e-01
  1.76792491192915e-01
  0.00000000000000e+00
  4.50000000000000e-02
 -1.97223886379990e-01
  1.76792491192915e-01
  0.00000000000000e+00
  5.00000000000001e-03
 -1.88162448274391e-01
  1.42214359489732e-01
  0.00000000000000e+00
  1.50000000000000e-02
 -1.88162448274391e-01
  1.42214359489732e-01
  0.00000000000000e+00
  2.50000000000000e-02
 -1.88162448274391e-01
  1.42214359489732e-01
  0.00000000000000e+00
  3.50000000000000e-02
 -1.88162448274391e-01
  1.42214359489732e-01
  0.00000000000000e+00
  4.50000000000000e-02
 -1.88162448274391e-01
  1.42214359489732e-01
  0.00000000000000e+00
  5.00000000000000e-03
 -1.72829060405798e-01
  1.09351523214461e-01
  0.00000000000000e+00
  1.50000000000000e-02
 -1.72829060405798e-01
  1.09351523214461e-01
  0.00000000000000e+00
  2.50000000000000e-02
 -1.72829060405798e-01
  1.09351523214461e-01
  0.00000000000000e+00
  3.50000000000000e-02
 -1.72829060405798e-01
  1.09351523214461e-01
  0.00000000000000e+00
  4.50000000000000e-02
 -1.72829060405798e-01
  1.09351523214461e-01
  0.00000000000000e+00
  5.00000000000000e-03
 -1.51959882285999e-01
  7.99684877592153e-02
  0.00000000000000e+00
  1.50000000000000e-02
 -1.51959882285999e-01
  7.99684877592153e-02
  0.00000000000000e+00
  2.50000000000000e-02
 -1.51959882285999e-01
  7.99684877592153e-02
  0.00000000000000e+00
  3.50000000000000e-02
 -1.51959882285999e-01
  7.99684877592153e-02
  0.00000000000000e+00
  4.50000000000000e-02
 -1.51959882285999e-01
  7.99684877592153e-02
  0.00000000000000e+00
  4.99999999999999e-03
 -1.26428532970499e-01
  5.50295962097035e-02
  0.00000000000000e+00
  1.50000000000000e-02
 -1.26428532970499e-01
  5.50295962097036e-02
  0.00000000000000e+00
  2.50000000000000e-02
 -1.26428532970499e-01
  5.50295962097036e-02
  0.00000000000000e+00
  3.50000000000000e-02
 -1.26428532970499e-01
  5.50295962097036e-02
  0.00000000000000e+00
  4.50000000000000e-02
 -1.26428532970499e-01
  5.50295962097036e-02
  0.00000000000000e+00
  5.00000000000001e-03
 -9.72860686674272e-02
  3.52561278807275e-02
  0.00000000000000e+00
  1.50000000000000e-02
 -9.72860686674272e-02
  3.52561278807275e-02
  0.00000000000000e+00
  2.50000000000000e-02
 -9.72860686674273e-02
  3.52561278807276e-02
  0.00000000000000e+00
  3.50000000000000e-02
 -9.72860686674271e-02
  3.52561278807275e-02
  0.00000000000000e+00
  4.50000000000000e-02
 -9.72860686674272e-02
  3.52561278807275e-02
  0.00000000000000e+00
  4.99999999999999e-03
 -6.55919941272415e-02
  2.10616759193310e-02
  0.00000000000000e+00
  1.50000000000000e-02
 -6.55919941272415e-02
  2.10616759193309e-02
  0.00000000000000e+00
  2.50000000000000e-02
 -6.55919941272415e-02
  2.10616759193310e-02
  0.00000000000000e+00
  3.50000000000000e-02
 -6.55919941272415e-02
  2.10616759193310e-02
  0.00000000000000e+00
  4.50000000000000e-02
 -6.55919941272415e-02
  2.10616759193310e-02
  0.00000000000000e+00
  5.00000000000001e-03
 -3.28986524636653e-02
  1.27243586600845e-02
  0.00000000000000e+00
  1.50000000000000e-02
 -3.28986524636654e-02
  1.27243586600845e-02
  0.00000000000000e+00
  2.50000000000000e-02
 -3.28986524636656e-02
  1.27243586600845e-02
  0.00000000000000e+00
  3.50000000000000e-02
 -3.28986524636654e-02
  1.27243586600845e-02
  0.00000000000000e+00
  4.50000000000000e-02
 -3.28986524636653e-02
  1.27243586600845e-02
  0.00000000000000e+00
  1.00000000000000e-02
  4.00733151296642e-18
  2.72776549470715e-02
  2.00000000000000e-02
  4.00733151296642e-18
  2.72776549470715e-02
  3.00000000000000e-02
  4.00733151296642e-18
  2.72776549470715e-02
  4.00000000000000e-02
  4.00733151296642e-18
  2.72776549470715e-02
  1.00000000000000e-02
 -1.26465982847199e-19
  6.10326731179574e-02
  2.00000000000000e-02
 -1.26465982847200e-19
  6.10326731179574e-02
  3.00000000000000e-02
 -1.26465982847201e-19
  6.10326731179574e-02
  4.00000000000000e-02
 -1.26465982847198e-19
  6.10326731179573e-02
  1.00000000000000e-02
 -4.16932624183716e-18
  9.40451323985005e-02
  2.00000000000000e-02
 -4.16932624183716e-18
  9.40451323985006e-02
  3.00000000000000e-02
 -4.16932624183716e-18
  9.40451323985005e-02
  4.00000000000000e-02
 -4.16932624183716e-18
  9.40451323985005e-02
  1.00000000000000e-02
 -8.22326646495184e-18
  1.27148066452117e-01
  2.00000000000000e-02
 -8.22326646495184e-18
  1.27148066452117e-01
  3.00000000000000e-02
 -8.22326646495184e-18
  1.27148066452117e-01
  4.00000000000000e-02
 -8.22326646495184e-18
  1.27148066452117e-01
  1.00000000000000e-02
 -1.22811720302940e-17
  1.60283379982250e-01
  2.00000000000000e-02
 -1.22811720302940e-17
  1.60283379982250e-01
  3.00000000000000e-02
 -1.22811720302940e-17
  1.60283379982250e-01
  4.00000000000000e-02
 -1.22811720302940e-17
  1.60283379982250e-01
  1.00000000000000e-02
 -1.63399023028392e-17
  1.93425427757748e-01
  2.00000000000000e-02
 -1.63399023028392e-17
  1.93425427757748e-01
  3.00000000000000e-02
 -1.63399023028392e-17
  1.93425427757748e-01
  4.00000000000000e-02
 -1.63399023028392e-17
  1.93425427757748e-01
  5.00000000000001e-03
  1.89142903019607e-18
  4.45553098941429e-02
  1.50000000000000e-02
  1.89142903019607e-18
  4.45553098941429e-02
  2.50000000000000e-02
  1.89142903019607e-18
  4.45553098941429e-02
  3.50000000000000e-02
  1.89142903019607e-18
  4.45553098941429e-02
  4.50000000000000e-02
  1.89142903019607e-18
  4.45553098941429e-02
  5.00000000000000e-03
 -2.14436099589047e-18
  7.75100363417718e-02
  1.50000000000000e-02
 -2.14436099589047e-18
  7.75100363417718e-02
  2.50000000000000e-02
 -2.14436099589047e-18
  7.75100363417718e-02
  3.50000000000000e-02
 -2.14436099589047e-18
  7.75100363417718e-02
  4.50000000000000e-02
 -2.14436099589047e-18
  7.75100363417718e-02
  5.00000000000000e-03
 -6.19429148778384e-18
  1.10580228455229e-01
  1.50000000000000e-02
 -6.19429148778384e-18
  1.10580228455229e-01
  2.50000000000000e-02
 -6.19429148778384e-18
  1.10580228455229e-01
  3.50000000000000e-02
 -6.19429148778384e-18
  1.10580228455229e-01
  4.50000000000000e-02
 -6.19429148778384e-18
  1.10580228455229e-01
  4.99999999999999e-03
 -1.02522414421198e-17
  1.43715904449004e-01
  1.50000000000000e-02
 -1.02522414421198e-17
  1.43715904449004e-01
  2.50000000000000e-02
 -1.02522414421198e-17
  1.43715904449004e-01
  3.50000000000000e-02
 -1.02522414421198e-17
  1.43715904449004e-01
  4.50000000000000e-02
 -1.02522414421198e-17
  1.43715904449004e-01
  4.99999999999999e-03
 -1.43101026184681e-17
  1.76850855515495e-01
  1.50000000000000e-02
 -1.43101026184681e-17
  1.76850855515495e-01
  2.50000000000000e-02
 -1.43101026184681e-17
  1.76850855515495e-01
  3.50000000000000e-02
 -1.43101026184681e-17
  1.76850855515495e-01
  4.50000000000000e-02
 -1.43101026184681e-17
  1.76850855515495e-01
  5.00000000000000e-02
 -8.78551683165047e-02
  4.89610153897280e-02
  5.00000000000000e-02
 -1.62747347464039e-01
  1.65336029716675e-01
  5.00000000000000e-02
 -1.81297857824528e-01
  1.77124313703041e-01
  5.00000000000000e-02
 -1.66023316978283e-01
  1.93728068106583e-01
  5.00000000000000e-02
 -1.35487848049726e-01
  1.90127240471832e-01
  5.00000000000000e-02
 -1.51498957996758e-01
  1.73855308578415e-01
  5.00000000000000e-02
 -1.00347227947805e-01
  1.91032252929915e-01
  5.00000000000000e-02
 -1.19160271310031e-01
  1.71159493401747e-01
  5.00000000000000e-02
 -6.65606922052199e-02
  1.92360910721431e-01
  5.00000000000000e-02
 -6.44022861855767e-02
  1.57921908588577e-01
  5.00000000000000e-02
 -8.35705178092752e-02
  1.73393163651346e-01
  5.00000000000000e-02
 -1.62462001201173e-02
  1.76730846015372e-01
  5.00000000000000e-02
 -3.29210048076173e-02
  1.93305418257624e-01
  5.00000000000000e-02
 -4.94694899815872e-02
  1.75666328979055e-01
  5.00000000000000e-02
 -1.50475646998552e-02
  1.43590612836850e-01
  5.00000000000000e-02
 -3.12937648199725e-02
  1.60038078869972e-01
  5.00000000000000e-02
 -4.10653461710422e-02
  1.09460843426351e-01
  5.00000000000000e-02
 -1.30949985972336e-02
  1.10340936697757e-01
  5.00000000000000e-02
 -2.81425632970887e-02
  1.26783483082491e-01
  5.00000000000000e-02
 -1.34071462477043e-02
  7.82841540536489e-02
  5.00000000000000e-02
 -2.65021448449378e-02
  9.45799583529055e-02
  5.00000000000000e-02
 -1.31730296247447e-02
  4.58359383370294e-02
  5.00000000000000e-02
 -2.65801758724490e-02
  6.30874192727210e-02
  5.00000000000000e-02
 -2.96223558565775e-02
  2.99204627200002e-02
  5.00000000000000e-02
 -4.16386561473556e-02
  5.00591551393099e-02
  5.00000000000000e-02
 -6.12616235862317e-02
  3.70317097090175e-02
  5.00000000000000e-02
 -1.13696396956539e-01
  6.81377502133285e-02
  5.00000000000000e-02
 -8.96942644540804e-02
  7.19559035578409e-02
  5.00000000000000e-02
 -1.37894997340409e-01
  9.28752361181411e-02
  5.00000000000000e-02
 -1.12397186668698e-01
  9.35139443470101e-02
  5.00000000000000e-02
 -1.61080079383108e-01
  1.16145119713720e-01
  5.00000000000000e-02
 -1.36580605377618e-01
  1.14360350345023e-01
  5.00000000000000e-02
 -1.74142656966701e-01
  1.47715141354958e-01
  5.00000000000000e-02
 -1.54726982009715e-01
  1.38077319716581e-01
  5.00000000000000e-02
 -1.39639953214303e-01
  1.31531545917658e-01
  5.00000000000000e-02
 -1.33787447396320e-01
  1.55189428283001e-01
  5.00000000000000e-02
 -8.05639860821336e-02
  1.35824943904123e-01
  5.00000000000000e-02
 -9.97322177058321e-02
  1.51296198966892e-01
  5.00000000000000e-02
 -1.14359393792121e-01
  1.35326133848146e-01
  5.00000000000000e-02
 -4.62265610239620e-02
  1.42293658479495e-01
  5.00000000000000e-02
 -4.26982725933646e-02
  8.00757411274943e-02
  5.00000000000000e-02
 -5.72614739194690e-02
  9.49566262009393e-02
  5.00000000000000e-02
 -5.77567528682713e-02
  6.70474769940832e-02
  5.00000000000000e-02
 -6.85032603284515e-02
  7.18795566940954e-02
  5.00000000000000e-02
 -6.72524961112253e-02
  1.04620902042584e-01
  5.00000000000000e-02
 -8.97642790087060e-02
  9.08338331948525e-02
  5.00000000000000e-02
 -6.85732748830771e-02
  9.07574863311070e-02
  5.00000000000000e-02
 -1.11300045955436e-01
  1.18154938275510e-01
  5.00000000000000e-02
 -8.86671382954435e-02
  1.15474827123353e-01
  5.00000000000000e-02
 -5.91493438979155e-02
  1.24971018823354e-01
  5.00000000000000e-02
 -6.76777605054020e-02
  5.78338231987161e-02
  5.00000000000000e-02
 -1.48874476191732e-01
  1.61735202081924e-01
  0.00000000000000e+00
 -8.78551683165048e-02
  4.89610153897280e-02
  0.00000000000000e+00
 -1.62747347464039e-01
  1.65336029716675e-01
  0.00000000000000e+00
 -1.81297857824528e-01
  1.77124313703041e-01
  0.00000000000000e+00
 -1.66023316978283e-01
  1.93728068106583e-01
  0.00000000000000e+00
 -1.35487848049726e-01
  1.90127240471832e-01
  0.00000000000000e+00
 -1.51498957996758e-01
  1.73855308578415e-01
  0.00000000000000e+00
 -1.00347227947805e-01
  1.91032252929915e-01
  0.00000000000000e+00
 -1.19160271310031e-01
  1.71159493401747e-01
  0.00000000000000e+00
 -6.65606922052199e-02
  1.92360910721431e-01
  0.00000000000000e+00
 -6.44022861855767e-02
  1.57921908588577e-01
  0.00000000000000e+00
 -8.35705178092752e-02
  1.73393163651346e-01
  0.00000000000000e+00
 -1.62462001201173e-02
  1.76730846015372e-01
  0.00000000000000e+00
 -3.29210048076173e-02
  1.93305418257624e-01
  0.00000000000000e+00
 -4.94694899815872e-02
  1.75666328979055e-01
  0.00000000000000e+00
 -1.50475646998552e-02
  1.43590612836850e-01
  0.00000000000000e+00
 -3.12937648199725e-02
  1.60038078869972e-01
  0.00000000000000e+00
 -4.10653461710422e-02
  1.09460843426351e-01
  0.00000000000000e+00
 -1.30949985972336e-02
  1.10340936697757e-01
  0.00000000000000e+00
 -2.81425632970887e-02
  1.26783483082491e-01
  0.00000000000000e+00
 -1.34071462477043e-02
  7.82841540536490e-02
  0.00000000000000e+00
 -2.65021448449378e-02
  9.45799583529055e-02
  0.00000000000000e+00
 -1.31730296247447e-02
  4.58359383370294e-02
  0.00000000000000e+00
 -2.65801758724490e-02
  6.30874192727210e-02
  0.00000000000000e+00
 -2.96223558565775e-02
  2.99204627200002e-02
  0.00000000000000e+00
 -4.16386561473556e-02
  5.00591551393099e-02
  0.00000000000000e+00
 -6.12616235862317e-02
  3.70317097090175e-02
  0.00000000000000e+00
 -1.13696396956539e-01
  6.81377502133285e-02
  0.00000000000000e+00
 -8.96942644540804e-02
  7.19559035578409e-02
  0.00000000000000e+00
 -1.37894997340409e-01
  9.28752361181411e-02
  0.00000000000000e+00
 -1.12397186668698e-01
  9.35139443470101e-02
  0.00000000000000e+00
 -1.61080079383108e-01
  1.16145119713720e-01
  0.00000000000000e+00
 -1.36580605377618e-01
  1.14360350345023e-01
  0.00000000000000e+00
 -1.74142656966701e-01
  1.47715141354958e-01
  0.00000000000000e+00
 -1.54726982009715e-01
  1.38077319716582e-01
  0.00000000000000e+00
 -1.39639953214303e-01
  1.31531545917658e-01
  0.00000000000000e+00
 -1.33787447396320e-01
  1.55189428283001e-01
  0.00000000000000e+00
 -8.05639860821336e-02
  1.35824943904123e-01
  0.00000000000000e+00
 -9.97322177058321e-02
  1.51296198966892e-01
  0.00000000000000e+00
 -1.14359393792121e-01
  1.35326133848146e-01
  0.00000000000000e+00
 -4.62265610239620e-02
  1.42293658479495e-01
  0.00000000000000e+00
 -4.26982725933646e-02
  8.00757411274943e-02
  0.00000000000000e+00
 -5.72614739194690e-02
  9.49566262009393e-02
  0.00000000000000e+00
 -5.77567528682713e-02
  6.70474769940832e-02
  0.00000000000000e+00
 -6.85032603284515e-02
  7.18795566940954e-02
  0.00000000000000e+00
 -6.72524961112253e-02
  1.04620902042584e-01
  0.00000000000000e+00
 -8.97642790087059e-02
  9.08338331948525e-02
  0.00000000000000e+00
 -6.85732748830771e-02
  9.07574863311070e-02
  0.00000000000000e+00
 -1.11300045955436e-01
  1.18154938275510e-01
  0.00000000000000e+00
 -8.86671382954435e-02
  1.15474827123353e-01
  0.00000000000000e+00
 -5.91493438979155e-02
  1.24971018823354e-01
  0.00000000000000e+00
 -6.76777605054020e-02
  5.78338231987161e-02
  0.00000000000000e+00
 -1.48874476191732e-01
  1.61735202081924e-01
  0.00000000000000e+00
 -4.00000000000000e-02
  5.00000000000000e-03
  0.00000000000000e+00
 -8.00000000000001e-02
  5.00000000000000e-03
  0.00000000000000e+00
 -1.20000000000000e-01
  5.00000000000000e-03
  0.00000000000000e+00
 -1.60000000000000e-01
  5.00000000000000e-03
  0.00000000000000e+00
 -2.00000000000000e-01
  5.00000000000000e-03
  0.00000000000000e+00
 -2.40000000000000e-01
  5.00000000000000e-03
  0.00000000000000e+00
 -2.80000000000000e-01
  5.00000000000000e-03
  0.00000000000000e+00
 -3.20000000000000e-01
  5.00000000000000e-03
  0.00000000000000e+00
 -3.60000000000000e-01
  5.00000000000000e-03
  1.25000000000000e-02
 -4.00000000000000e-02
  0.00000000000000e+00
  1.25000000000000e-02
 -8.00000000000001e-02
  0.00000000000000e+00
  1.25000000000000e-02
 -1.20000000000000e-01
  0.00000000000000e+00
  1.25000000000000e-02
 -1.60000000000000e-01
  0.00000000000000e+00
  1.25000000000000e-02
 -2.00000000000000e-01
  0.00000000000000e+00
  1.25000000000000e-02
 -2.40000000000000e-01
  0.00000000000000e+00
  1.25000000000000e-02
 -2.80000000000000e-01
  0.00000000000000e+00
  1.25000000000000e-02
 -3.20000000000000e-01
  0.00000000000000e+00
  1.25000000000000e-02
 -3.60000000000000e-01
  0.00000000000000e+00
  3.75000000000000e-02
 -4.00000000000000e-02
  0.00000000000000e+00
  3.75000000000000e-02
 -8.00000000000000e-02
  0.00000000000000e+00
  3.75000000000000e-02
 -1.20000000000000e-01
  0.00000000000000e+00
  3.75000000000000e-02
 -1.60000000000000e-01
  0.00000000000000e+00
  3.75000000000000e-02
 -2.00000000000000e-01
  0.00000000000000e+00
  3.75000000000000e-02
 -2.40000000000000e-01
  0.00000000000000e+00
  3.75000000000000e-02
 -2.80000000000000e-01
  0.00000000000000e+00
  3.75000000000000e-02
 -3.20000000000000e-01
  0.00000000000000e+00
  3.75000000000000e-02
 -3.60000000000000e-01
  0.00000000000000e+00
  2.50000000000000e-02
 -2.00000000000000e-02
  0.00000000000000e+00
  2.50000000000000e-02
 -5.99999999999999e-02
  0.00000000000000e+00
  2.50000000000000e-02
 -1.00000000000000e-01
  0.00000000000000e+00
  2.50000000000000e-02
 -1.40000000000000e-01
  0.00000000000000e+00
  2.50000000000000e-02
 -1.80000000000000e-01
  0.00000000000000e+00
  2.50000000000000e-02
 -2.20000000000000e-01
  0.00000000000000e+00
  2.50000000000000e-02
 -2.60000000000000e-01
  0.00000000000000e+00
  2.50000000000000e-02
 -3.00000000000000e-01
  0.00000000000000e+00
  2.50000000000000e-02
 -3.40000000000000e-01
  0.00000000000000e+00
  2.50000000000000e-02
 -3.80000000000000e-01
  0.00000000000000e+00
  5.00000000000000e-02
 -4.00000000000000e-02
  5.00000000000000e-03
  5.00000000000000e-02
 -8.00000000000001e-02
  5.00000000000000e-03
  5.00000000000000e-02
 -1.20000000000000e-01
  5.00000000000000e-03
  5.00000000000000e-02
 -1.60000000000000e-01
  5.00000000000000e-03
  5.00000000000000e-02
 -2.00000000000000e-01
  5.00000000000000e-03
  5.00000000000000e-02
 -2.40000000000000e-01
  5.00000000000000e-03
  5.00000000000000e-02
 -2.80000000000000e-01
  5.00000000000000e-03
  5.00000000000000e-02
 -3.20000000000000e-01
  5.00000000000000e-03
  5.00000000000000e-02
 -3.60000000000000e-01
  5.00000000000000e-03
  3.75000000000000e-02
 -4.00000000000000e-02
  1.00000000000000e-02
  3.75000000000000e-02
 -8.00000000000001e-02
  1.00000000000000e-02
  3.75000000000000e-02
 -1.20000000000000e-01
  1.00000000000000e-02
  3.75000000000000e-02
 -1.60000000000000e-01
  1.00000000000000e-02
  3.75000000000000e-02
 -2.00000000000000e-01
  1.00000000000000e-02
  3.75000000000000e-02
 -2.40000000000000e-01
  1.00000000000000e-02
  3.75000000000000e-02
 -2.80000000000000e-01
  1.00000000000000e-02
  3.75000000000000e-02
 -3.20000000000000e-01
  1.00000000000000e-02
  3.75000000000000e-02
 -3.60000000000000e-01
  1.00000000000000e-02
  1.25000000000000e-02
 -4.00000000000000e-02
  1.00000000000000e-02
  1.25000000000000e-02
 -8.00000000000001e-02
  1.00000000000000e-02
  1.25000000000000e-02
 -1.20000000000000e-01
  1.00000000000000e-02
  1.25000000000000e-02
 -1.60000000000000e-01
  1.00000000000000e-02
  1.25000000000000e-02
 -2.00000000000000e-01
  1.00000000000000e-02
  1.25000000000000e-02
 -2.40000000000000e-01
  1.00000000000000e-02
  1.25000000000000e-02
 -2.80000000000000e-01
  1.00000000000000e-02
  1.25000000000000e-02
 -3.20000000000000e-01
  1.00000000000000e-02
  1.25000000000000e-02
 -3.60000000000000e-01
  1.00000000000000e-02
  2.50000000000000e-02
 -2.00000000000000e-02
  1.00000000000000e-02
  2.50000000000000e-02
 -5.99999999999999e-02
  1.00000000000000e-02
  2.50000000000000e-02
 -1.00000000000000e-01
  1.00000000000000e-02
  2.50000000000000e-02
 -1.40000000000000e-01
  1.00000000000000e-02
  2.50000000000000e-02
 -1.80000000000000e-01
  1.00000000000000e-02
  2.50000000000000e-02
 -2.20000000000000e-01
  1.00000000000000e-02
  2.50000000000000e-02
 -2.60000000000000e-01
  1.00000000000000e-02
  2.50000000000000e-02
 -3.00000000000000e-01
  1.00000000000000e-02
  2.50000000000000e-02
 -3.40000000000000e-01
  1.00000000000000e-02
  2.50000000000000e-02
 -3.80000000000000e-01
  1.00000000000000e-02
  2.50000000000000e-02
 -4.00000000000000e-01
  5.00000000000000e-03
  2.50000000000000e-02
  0.00000000000000e+00
  5.00000000000000e-03
  5.00000000000001e-03
 -1.65371829269065e-01
  1.77456136213166e-01
  1.50000000000000e-02
 -1.65371829269065e-01
  1.77456136213167e-01
  2.50000000000000e-02
 -1.65371829269065e-01
  1.77456136213167e-01
  3.50000000000000e-02
 -1.65371829269065e-01
  1.77456136213167e-01
  4.50000000000000e-02
 -1.65371829269065e-01
  1.77456136213166e-01
  5.00000000000001e-03
 -1.37626086724452e-01
  1.70254480943664e-01
  1.50000000000000e-02
 -1.37626086724452e-01
  1.70254480943664e-01
  2.50000000000000e-02
 -1.37626086724452e-01
  1.70254480943664e-01
  3.50000000000000e-02
 -1.37626086724452e-01
  1.70254480943664e-01
  4.50000000000000e-02
 -1.37626086724452e-01
  1.70254480943664e-01
  5.00000000000001e-03
 -1.00694455895611e-01
  1.72064505859830e-01
  1.50000000000000e-02
 -1.00694455895611e-01
  1.72064505859830e-01
  2.50000000000000e-02
 -1.00694455895611e-01
  1.72064505859830e-01
  3.50000000000000e-02
 -1.00694455895611e-01
  1.72064505859830e-01
  4.50000000000000e-02
 -1.00694455895611e-01
  1.72064505859830e-01
  5.00000000000001e-03
 -6.64465797229398e-02
  1.74721821442862e-01
  1.50000000000000e-02
 -6.64465797229397e-02
  1.74721821442862e-01
  2.50000000000000e-02
 -6.64465797229398e-02
  1.74721821442862e-01
  3.50000000000000e-02
 -6.64465797229397e-02
  1.74721821442862e-01
  4.50000000000000e-02
 -6.64465797229398e-02
  1.74721821442862e-01
  5.00000000000000e-03
 -3.24924002402346e-02
  1.76610836515248e-01
  1.50000000000000e-02
 -3.24924002402347e-02
  1.76610836515248e-01
  2.50000000000000e-02
 -3.24924002402347e-02
  1.76610836515248e-01
  3.50000000000000e-02
 -3.24924002402347e-02
  1.76610836515248e-01
  4.50000000000000e-02
 -3.24924002402347e-02
  1.76610836515248e-01
  4.99999999999999e-03
 -3.00951293997103e-02
  1.43465321224696e-01
  1.50000000000000e-02
 -3.00951293997103e-02
  1.43465321224696e-01
  2.50000000000000e-02
 -3.00951293997103e-02
  1.43465321224696e-01
  3.50000000000000e-02
 -3.00951293997103e-02
  1.43465321224696e-01
  4.50000000000000e-02
 -3.00951293997103e-02
  1.43465321224696e-01
  5.00000000000000e-03
 -2.61899971955813e-02
  1.10101644942377e-01
  1.50000000000000e-02
 -2.61899971978098e-02
  1.10101644946561e-01
  2.50000000000000e-02
 -2.61899972000382e-02
  1.10101644950746e-01
  3.50000000000000e-02
 -2.61899972022667e-02
  1.10101644954930e-01
  4.50000000000000e-02
 -2.61899972044952e-02
  1.10101644959115e-01
  5.00000000000000e-03
 -2.68142924954085e-02
  7.90582717655261e-02
  1.50000000000000e-02
 -2.68142924954085e-02
  7.90582717655260e-02
  2.50000000000000e-02
 -2.68142924954085e-02
  7.90582717655260e-02
  3.50000000000000e-02
 -2.68142924954085e-02
  7.90582717655260e-02
  4.50000000000000e-02
 -2.68142924954085e-02
  7.90582717655260e-02
  5.00000000000001e-03
 -2.63460592494893e-02
  4.71165667799159e-02
  1.50000000000000e-02
 -2.63460592494894e-02
  4.71165667799159e-02
  2.50000000000000e-02
 -2.63460592494894e-02
  4.71165667799159e-02
  3.50000000000000e-02
 -2.63460592494894e-02
  4.71165667799159e-02
  4.50000000000000e-02
 -2.63460592494893e-02
  4.71165667799159e-02
  5.00000000000000e-03
 -5.69312530452217e-02
  5.30017434987039e-02
  1.50000000000000e-02
 -5.69312530452217e-02
  5.30017434987039e-02
  2.50000000000000e-02
 -5.69312530452218e-02
  5.30017434987039e-02
  3.50000000000000e-02
 -5.69312530452217e-02
  5.30017434987039e-02
  4.50000000000000e-02
 -5.69312530452217e-02
  5.30017434987039e-02
  5.00000000000000e-03
 -1.00964260942578e-01
  8.12459042169533e-02
  1.50000000000000e-02
 -1.00964260942579e-01
  8.12459042169534e-02
  2.50000000000000e-02
 -1.00964260942579e-01
  8.12459042169534e-02
  3.50000000000000e-02
 -1.00964260942578e-01
  8.12459042169533e-02
  4.50000000000000e-02
 -1.00964260942579e-01
  8.12459042169533e-02
  5.00000000000000e-03
 -7.84242679655822e-02
  6.26659028987283e-02
  1.50000000000000e-02
 -7.84242679655822e-02
  6.26659028987283e-02
  2.50000000000000e-02
 -7.84242679655822e-02
  6.26659028987283e-02
  3.50000000000000e-02
 -7.84242679655821e-02
  6.26659028987283e-02
  4.50000000000000e-02
 -7.84242679655822e-02
  6.26659028987283e-02
  5.00000000000000e-03
 -1.23830112394818e-01
  1.05781984477067e-01
  1.50000000000000e-02
 -1.23830112394818e-01
  1.05781984477067e-01
  2.50000000000000e-02
 -1.23830112394818e-01
  1.05781984477067e-01
  3.50000000000000e-02
 -1.23830112394818e-01
  1.05781984477067e-01
  4.50000000000000e-02
 -1.23830112394818e-01
  1.05781984477067e-01
  5.00000000000001e-03
 -1.49331098360418e-01
  1.22938716212979e-01
  1.50000000000000e-02
 -1.49331098360418e-01
  1.22938716212979e-01
  2.50000000000000e-02
 -1.49331098360418e-01
  1.22938716212979e-01
  3.50000000000000e-02
 -1.49331098360418e-01
  1.22938716212979e-01
  4.50000000000000e-02
 -1.49331098360418e-01
  1.22938716212979e-01
  5.00000000000001e-03
 -1.60122865659283e-01
  1.53215923220924e-01
  1.50000000000000e-02
 -1.60122865659824e-01
  1.53215923222402e-01
  2.50000000000000e-02
 -1.60122865660365e-01
  1.53215923223881e-01
  3.50000000000000e-02
 -1.60122865660906e-01
  1.53215923225360e-01
  4.50000000000000e-02
 -1.60122865661447e-01
  1.53215923226839e-01
  5.00000000000000e-03
 -9.87699795160536e-02
  1.30527892073953e-01
  1.50000000000000e-02
 -9.87699795160536e-02
  1.30527892073954e-01
  2.50000000000000e-02
 -9.87699795160536e-02
  1.30527892073954e-01
  3.50000000000000e-02
 -9.87699795160535e-02
  1.30527892073954e-01
  4.50000000000000e-02
 -9.87699795160535e-02
  1.30527892073954e-01
  5.00000000000001e-03
 -1.29948808068188e-01
  1.40124375622338e-01
  1.50000000000000e-02
 -1.29948808068188e-01
  1.40124375622338e-01
  2.50000000000000e-02
 -1.29948808068188e-01
  1.40124375622338e-01
  3.50000000000000e-02
 -1.29948808068187e-01
  1.40124375622338e-01
  4.50000000000000e-02
 -1.29948808068187e-01
  1.40124375622337e-01
  5.00000000000000e-03
 -6.23579926482136e-02
  1.41121995734292e-01
  1.50000000000000e-02
 -6.23579926482137e-02
  1.41121995734292e-01
  2.50000000000000e-02
 -6.23579926482137e-02
  1.41121995734292e-01
  3.50000000000000e-02
 -6.23579926482136e-02
  1.41121995734292e-01
  4.50000000000000e-02
 -6.23579926482137e-02
  1.41121995734292e-01
  5.00000000000000e-03
 -7.85642970748938e-02
  1.00421762172688e-01
  1.50000000000000e-02
 -7.85642970750148e-02
  1.00421762172562e-01
  2.50000000000000e-02
 -7.85642970751357e-02
  1.00421762172436e-01
  3.50000000000000e-02
 -7.85642970752566e-02
  1.00421762172309e-01
  4.50000000000000e-02
 -7.85642970753775e-02
  1.00421762172183e-01
  5.00000000000000e-03
 -5.85822526913207e-02
  8.10932104894625e-02
  1.50000000000000e-02
 -5.85822526913207e-02
  8.10932104894625e-02
  2.50000000000000e-02
 -5.85822526913207e-02
  8.10932104894625e-02
  3.50000000000000e-02
 -5.85822526913207e-02
  8.10932104894624e-02
  4.50000000000000e-02
 -5.85822526913207e-02
  8.10932104894624e-02
  5.00000000000000e-03
 -5.59406951476173e-02
  1.08820041912416e-01
  1.50000000000000e-02
 -5.59406951476173e-02
  1.08820041912416e-01
  2.50000000000000e-02
 -5.59406951476173e-02
  1.08820041912416e-01
  3.50000000000000e-02
 -5.59406951476172e-02
  1.08820041912416e-01
  4.50000000000000e-02
 -5.59406951476173e-02
  1.08820041912416e-01
  1.00000000000000e-02
 -1.66023316978283e-01
  1.93728068106583e-01
  2.00000000000000e-02
 -1.66023316978283e-01
  1.93728068106583e-01
  3.00000000000000e-02
 -1.66023316978283e-01
  1.93728068106583e-01
  4.00000000000000e-02
 -1.66023316978283e-01
  1.93728068106583e-01
  1.00000000000000e-02
 -1.81297857824528e-01
  1.77124313703041e-01
  2.00000000000000e-02
 -1.81297857824528e-01
  1.77124313703041e-01
  3.00000000000000e-02
 -1.81297857824528e-01
  1.77124313703041e-01
  4.00000000000000e-02
 -1.81297857824528e-01
  1.77124313703041e-01
  1.00000000000000e-02
 -1.35487848049726e-01
  1.90127240471832e-01
  2.00000000000000e-02
 -1.35487848049726e-01
  1.90127240471832e-01
  3.00000000000000e-02
 -1.35487848049726e-01
  1.90127240471832e-01
  4.00000000000000e-02
 -1.35487848049726e-01
  1.90127240471832e-01
  1.00000000000000e-02
 -1.51498957996758e-01
  1.73855308578415e-01
  2.00000000000000e-02
 -1.51498957996758e-01
  1.73855308578415e-01
  3.00000000000000e-02
 -1.51498957996758e-01
  1.73855308578415e-01
  4.00000000000000e-02
 -1.51498957996758e-01
  1.73855308578415e-01
  1.00000000000000e-02
 -1.00347227947805e-01
  1.91032252929915e-01
  2.00000000000000e-02
 -1.00347227947805e-01
  1.91032252929915e-01
  3.00000000000000e-02
 -1.00347227947805e-01
  1.91032252929915e-01
  4.00000000000000e-02
 -1.00347227947805e-01
  1.91032252929915e-01
  1.00000000000000e-02
 -1.19160271310031e-01
  1.71159493401747e-01
  2.00000000000000e-02
 -1.19160271310031e-01
  1.71159493401747e-01
  3.00000000000000e-02
 -1.19160271310031e-01
  1.71159493401747e-01
  4.00000000000000e-02
 -1.19160271310031e-01
  1.71159493401747e-01
  1.00000000000000e-02
 -6.65606922052199e-02
  1.92360910721431e-01
  2.00000000000000e-02
 -6.65606922052199e-02
  1.92360910721431e-01
  3.00000000000000e-02
 -6.65606922052199e-02
  1.92360910721431e-01
  4.00000000000000e-02
 -6.65606922052199e-02
  1.92360910721431e-01
  1.00000000000000e-02
 -8.35705178092753e-02
  1.73393163651346e-01
  2.00000000000000e-02
 -8.35705178092752e-02
  1.73393163651346e-01
  3.00000000000000e-02
 -8.35705178092752e-02
  1.73393163651346e-01
  4.00000000000000e-02
 -8.35705178092752e-02
  1.73393163651346e-01
  1.00000000000000e-02
 -3.29210048076173e-02
  1.93305418257624e-01
  2.00000000000000e-02
 -3.29210048076173e-02
  1.93305418257624e-01
  3.00000000000000e-02
 -3.29210048076173e-02
  1.93305418257624e-01
  4.00000000000000e-02
 -3.29210048076173e-02
  1.93305418257624e-01
  1.00000000000000e-02
 -4.94694899815872e-02
  1.75666328979055e-01
  2.00000000000000e-02
 -4.94694899815872e-02
  1.75666328979055e-01
  3.00000000000000e-02
 -4.94694899815872e-02
  1.75666328979055e-01
  4.00000000000000e-02
 -4.94694899815872e-02
  1.75666328979055e-01
  1.00000000000000e-02
 -1.62462001201173e-02
  1.76730846015372e-01
  2.00000000000000e-02
 -1.62462001201173e-02
  1.76730846015372e-01
  3.00000000000000e-02
 -1.62462001201173e-02
  1.76730846015372e-01
  4.00000000000000e-02
 -1.62462001201173e-02
  1.76730846015372e-01
  1.00000000000000e-02
 -1.50475646998551e-02
  1.43590612836850e-01
  2.00000000000000e-02
 -1.50475646998552e-02
  1.43590612836850e-01
  3.00000000000000e-02
 -1.50475646998552e-02
  1.43590612836850e-01
  4.00000000000000e-02
 -1.50475646998551e-02
  1.43590612836850e-01
  1.00000000000000e-02
 -3.12937648199725e-02
  1.60038078869972e-01
  2.00000000000000e-02
 -3.12937648199725e-02
  1.60038078869972e-01
  3.00000000000000e-02
 -3.12937648199725e-02
  1.60038078869972e-01
  4.00000000000000e-02
 -3.12937648199725e-02
  1.60038078869972e-01
  1.00000000000000e-02
 -1.30949985972335e-02
  1.10340936697757e-01
  2.00000000000000e-02
 -1.30949985972336e-02
  1.10340936697757e-01
  3.00000000000000e-02
 -1.30949985972336e-02
  1.10340936697757e-01
  4.00000000000000e-02
 -1.30949985972336e-02
  1.10340936697757e-01
  1.00000000000000e-02
 -2.81425632970887e-02
  1.26783483082491e-01
  2.00000000000000e-02
 -2.81425632970887e-02
  1.26783483082491e-01
  3.00000000000000e-02
 -2.81425632970887e-02
  1.26783483082491e-01
  4.00000000000000e-02
 -2.81425632970887e-02
  1.26783483082491e-01
  1.00000000000000e-02
 -1.34071462477042e-02
  7.82841540536489e-02
  2.00000000000000e-02
 -1.34071462477043e-02
  7.82841540536489e-02
  3.00000000000000e-02
 -1.34071462477043e-02
  7.82841540536489e-02
  4.00000000000000e-02
 -1.34071462477042e-02
  7.82841540536489e-02
  1.00000000000000e-02
 -2.65021448449378e-02
  9.45799583529054e-02
  2.00000000000000e-02
 -2.65021448449378e-02
  9.45799583529054e-02
  3.00000000000000e-02
 -2.65021448449378e-02
  9.45799583529054e-02
  4.00000000000000e-02
 -2.65021448449378e-02
  9.45799583529054e-02
  1.00000000000000e-02
 -1.31730296247447e-02
  4.58359383370294e-02
  2.00000000000000e-02
 -1.31730296247447e-02
  4.58359383370294e-02
  3.00000000000000e-02
 -1.31730296247447e-02
  4.58359383370294e-02
  4.00000000000000e-02
 -1.31730296247447e-02
  4.58359383370294e-02
  1.00000000000000e-02
 -2.65801758724489e-02
  6.30874192727210e-02
  2.00000000000000e-02
 -2.65801758724489e-02
  6.30874192727210e-02
  3.00000000000000e-02
 -2.65801758724489e-02
  6.30874192727209e-02
  4.00000000000000e-02
 -2.65801758724489e-02
  6.30874192727209e-02
  1.00000000000000e-02
 -2.96223558565775e-02
  2.99204627200002e-02
  2.00000000000000e-02
 -2.96223558565773e-02
  2.99204627200002e-02
  3.00000000000000e-02
 -2.96223558565773e-02
  2.99204627200002e-02
  4.00000000000000e-02
 -2.96223558565773e-02
  2.99204627200002e-02
  1.00000000000000e-02
 -6.12616235862317e-02
  3.70317097090175e-02
  2.00000000000000e-02
 -6.12616235862316e-02
  3.70317097090174e-02
  3.00000000000000e-02
 -6.12616235862316e-02
  3.70317097090174e-02
  4.00000000000000e-02
 -6.12616235862316e-02
  3.70317097090174e-02
  1.00000000000000e-02
 -4.16386561473556e-02
  5.00591551393099e-02
  2.00000000000000e-02
 -4.16386561473555e-02
  5.00591551393099e-02
  3.00000000000000e-02
 -4.16386561473555e-02
  5.00591551393099e-02
  4.00000000000000e-02
 -4.16386561473555e-02
  5.00591551393099e-02
  1.00000000000000e-02
 -1.13696396956539e-01
  6.81377502133285e-02
  2.00000000000000e-02
 -1.13696396956539e-01
  6.81377502133285e-02
  3.00000000000000e-02
 -1.13696396956539e-01
  6.81377502133285e-02
  4.00000000000000e-02
 -1.13696396956539e-01
  6.81377502133285e-02
  1.00000000000000e-02
 -8.96942644540804e-02
  7.19559035578409e-02
  2.00000000000000e-02
 -8.96942644540804e-02
  7.19559035578408e-02
  3.00000000000000e-02
 -8.96942644540804e-02
  7.19559035578409e-02
  4.00000000000000e-02
 -8.96942644540803e-02
  7.19559035578408e-02
  1.00000000000000e-02
 -8.78551683165048e-02
  4.89610153897280e-02
  2.00000000000000e-02
 -8.78551683165047e-02
  4.89610153897279e-02
  3.00000000000000e-02
 -8.78551683165047e-02
  4.89610153897280e-02
  4.00000000000000e-02
 -8.78551683165047e-02
  4.89610153897279e-02
  1.00000000000000e-02
 -1.37894997340409e-01
  9.28752361181410e-02
  2.00000000000000e-02
 -1.37894997340409e-01
  9.28752361181410e-02
  3.00000000000000e-02
 -1.37894997340409e-01
  9.28752361181410e-02
  4.00000000000000e-02
 -1.37894997340409e-01
  9.28752361181410e-02
  1.00000000000000e-02
 -1.12397186668698e-01
  9.35139443470100e-02
  2.00000000000000e-02
 -1.12397186668698e-01
  9.35139443470100e-02
  3.00000000000000e-02
 -1.12397186668698e-01
  9.35139443470100e-02
  4.00000000000000e-02
 -1.12397186668698e-01
  9.35139443470100e-02
  1.00000000000000e-02
 -1.61080079383108e-01
  1.16145119713720e-01
  2.00000000000000e-02
 -1.61080079383108e-01
  1.16145119713720e-01
  3.00000000000000e-02
 -1.61080079383108e-01
  1.16145119713720e-01
  4.00000000000000e-02
 -1.61080079383108e-01
  1.16145119713720e-01
  1.00000000000000e-02
 -1.36580605377618e-01
  1.14360350345023e-01
  2.00000000000000e-02
 -1.36580605377618e-01
  1.14360350345023e-01
  3.00000000000000e-02
 -1.36580605377618e-01
  1.14360350345023e-01
  4.00000000000000e-02
 -1.36580605377618e-01
  1.14360350345023e-01
  1.00000000000000e-02
 -1.74142656966701e-01
  1.47715141354958e-01
  2.00000000000000e-02
 -1.74142656966701e-01
  1.47715141354958e-01
  3.00000000000000e-02
 -1.74142656966701e-01
  1.47715141354958e-01
  4.00000000000000e-02
 -1.74142656966701e-01
  1.47715141354958e-01
  1.00000000000000e-02
 -1.54726982009715e-01
  1.38077319716582e-01
  2.00000000000000e-02
 -1.54726982009715e-01
  1.38077319716581e-01
  3.00000000000000e-02
 -1.54726982009715e-01
  1.38077319716581e-01
  4.00000000000000e-02
 -1.54726982009715e-01
  1.38077319716581e-01
  1.00000000000000e-02
 -9.97322177058322e-02
  1.51296198966892e-01
  2.00000000000000e-02
 -9.97322177058322e-02
  1.51296198966892e-01
  3.00000000000000e-02
 -9.97322177058321e-02
  1.51296198966892e-01
  4.00000000000000e-02
 -9.97322177058321e-02
  1.51296198966892e-01
  1.00000000000000e-02
 -1.14359393792121e-01
  1.35326133848146e-01
  2.00000000000000e-02
 -1.14359393792121e-01
  1.35326133848146e-01
  3.00000000000000e-02
 -1.14359393792120e-01
  1.35326133848145e-01
  4.00000000000000e-02
 -1.14359393792120e-01
  1.35326133848146e-01
  1.00000000000000e-02
 -1.33787447396320e-01
  1.55189428283001e-01
  2.00000000000000e-02
 -1.33787447396320e-01
  1.55189428283001e-01
  3.00000000000000e-02
 -1.33787447396320e-01
  1.55189428283001e-01
  4.00000000000000e-02
 -1.33787447396320e-01
  1.55189428283001e-01
  1.00000000000000e-02
 -6.44022861855768e-02
  1.57921908588577e-01
  2.00000000000000e-02
 -6.44022861855767e-02
  1.57921908588577e-01
  3.00000000000000e-02
 -6.44022861855767e-02
  1.57921908588577e-01
  4.00000000000000e-02
 -6.44022861855767e-02
  1.57921908588577e-01
  1.00000000000000e-02
 -8.05639860821337e-02
  1.35824943904123e-01
  2.00000000000000e-02
 -8.05639860821336e-02
  1.35824943904123e-01
  3.00000000000000e-02
 -8.05639860821336e-02
  1.35824943904123e-01
  4.00000000000000e-02
 -8.05639860821336e-02
  1.35824943904123e-01
  1.00000000000000e-02
 -4.62265610239620e-02
  1.42293658479494e-01
  2.00000000000000e-02
 -4.62265610239619e-02
  1.42293658479494e-01
  3.00000000000000e-02
 -4.62265610239620e-02
  1.42293658479494e-01
  4.00000000000000e-02
 -4.62265610239620e-02
  1.42293658479494e-01
  1.00000000000000e-02
 -8.97642790087060e-02
  9.08338331948525e-02
  2.00000000000000e-02
 -8.97642790087059e-02
  9.08338331948524e-02
  3.00000000000000e-02
 -8.97642790087059e-02
  9.08338331948525e-02
  4.00000000000000e-02
 -8.97642790087059e-02
  9.08338331948524e-02
  1.00000000000000e-02
 -6.85732748830771e-02
  9.07574863311070e-02
  2.00000000000000e-02
 -6.85732748830770e-02
  9.07574863311069e-02
  3.00000000000000e-02
 -6.85732748830770e-02
  9.07574863311069e-02
  4.00000000000000e-02
 -6.85732748830771e-02
  9.07574863311069e-02
  1.00000000000000e-02
 -6.85032603284515e-02
  7.18795566940954e-02
  2.00000000000000e-02
 -6.85032603284514e-02
  7.18795566940953e-02
  3.00000000000000e-02
 -6.85032603284514e-02
  7.18795566940953e-02
  4.00000000000000e-02
 -6.85032603284515e-02
  7.18795566940953e-02
  1.00000000000000e-02
 -1.11300045955436e-01
  1.18154938275510e-01
  2.00000000000000e-02
 -1.11300045955436e-01
  1.18154938275510e-01
  3.00000000000000e-02
 -1.11300045955436e-01
  1.18154938275510e-01
  4.00000000000000e-02
 -1.11300045955436e-01
  1.18154938275510e-01
  1.00000000000000e-02
 -8.86671382954435e-02
  1.15474827123353e-01
  2.00000000000000e-02
 -8.86671382954435e-02
  1.15474827123353e-01
  3.00000000000000e-02
 -8.86671382954434e-02
  1.15474827123353e-01
  4.00000000000000e-02
 -8.86671382954435e-02
  1.15474827123352e-01
  1.00000000000000e-02
 -1.39639953214303e-01
  1.31531545917658e-01
  2.00000000000000e-02
 -1.39639953214303e-01
  1.31531545917658e-01
  3.00000000000000e-02
 -1.39639953214303e-01
  1.31531545917658e-01
  4.00000000000000e-02
 -1.39639953214303e-01
  1.31531545917658e-01
  1.00000000000000e-02
 -5.91493438979155e-02
  1.24971018823354e-01
  2.00000000000000e-02
 -5.91493438979154e-02
  1.24971018823354e-01
  3.00000000000000e-02
 -5.91493438979154e-02
  1.24971018823354e-01
  4.00000000000000e-02
 -5.91493438979154e-02
  1.24971018823354e-01
  1.00000000000000e-02
 -6.72524961112254e-02
  1.04620902042584e-01
  2.00000000000000e-02
 -6.72524961112253e-02
  1.04620902042584e-01
  3.00000000000000e-02
 -6.72524961112253e-02
  1.04620902042584e-01
  4.00000000000000e-02
 -6.72524961112253e-02
  1.04620902042584e-01
  1.00000000000000e-02
 -4.10653461710422e-02
  1.09460843426350e-01
  2.00000000000000e-02
 -4.10653461710422e-02
  1.09460843426350e-01
  3.00000000000000e-02
 -4.10653461710422e-02
  1.09460843426350e-01
  4.00000000000000e-02
 -4.10653461710422e-02
  1.09460843426350e-01
  1.00000000000000e-02
 -5.72614739194690e-02
  9.49566262009393e-02
  2.00000000000000e-02
 -5.72614739194690e-02
  9.49566262009393e-02
  3.00000000000000e-02
 -5.72614739194690e-02
  9.49566262009393e-02
  4.00000000000000e-02
 -5.72614739194690e-02
  9.49566262009393e-02
  1.00000000000000e-02
 -4.26982725933646e-02
  8.00757411274942e-02
  2.00000000000000e-02
 -4.26982725933646e-02
  8.00757411274942e-02
  3.00000000000000e-02
 -4.26982725933646e-02
  8.00757411274942e-02
  4.00000000000000e-02
 -4.26982725933646e-02
  8.00757411274942e-02
  1.00000000000000e-02
 -5.77567528682713e-02
  6.70474769940832e-02
  2.00000000000000e-02
 -5.77567528682712e-02
  6.70474769940831e-02
  3.00000000000000e-02
 -5.77567528682712e-02
  6.70474769940832e-02
  4.00000000000000e-02
 -5.77567528682712e-02
  6.70474769940831e-02
  1.00000000000000e-02
 -1.62747347464039e-01
  1.65336029716675e-01
  2.00000000000000e-02
 -1.62747347464039e-01
  1.65336029716675e-01
  3.00000000000000e-02
 -1.62747347464038e-01
  1.65336029716675e-01
  4.00000000000000e-02
 -1.62747347464038e-01
  1.65336029716675e-01
  1.00000000000000e-02
 -6.76777605054020e-02
  5.78338231987161e-02
  2.00000000000000e-02
 -6.76777605054019e-02
  5.78338231987161e-02
  3.00000000000000e-02
 -6.76777605054019e-02
  5.78338231987161e-02
  4.00000000000000e-02
 -6.76777605054019e-02
  5.78338231987161e-02
  1.00000000000000e-02
 -1.48874476191732e-01
  1.61735202081924e-01
  2.00000000000000e-02
 -1.48874476191732e-01
  1.61735202081924e-01
  3.00000000000000e-02
 -1.48874476191732e-01
  1.61735202081924e-01
  4.00000000000000e-02
 -1.48874476191732e-01
  1.61735202081924e-01
  2.50000000000000e-02
 -3.60000000000000e-01
  5.00000000000000e-03
  2.50000000000000e-02
 -3.20000000000000e-01
  5.00000000000000e-03
  2.50000000000000e-02
 -2.80000000000000e-01
  5.00000000000000e-03
  2.50000000000000e-02
 -2.40000000000000e-01
  5.00000000000000e-03
  2.50000000000000e-02
 -2.00000000000000e-01
  5.00000000000000e-03
  2.50000000000000e-02
 -1.60000000000000e-01
  5.00000000000000e-03
  2.50000000000000e-02
 -1.20000000000000e-01
  5.00000000000000e-03
  2.50000000000000e-02
 -8.00000000000001e-02
  5.00000000000000e-03
  2.50000000000000e-02
 -4.00000000000000e-02
  5.00000000000000e-03
