   5.450447e-04    3.320305e+00    1.641550e-04    5.450447e-04
   5.627874e-04    3.604151e+00    1.561498e-04    5.627874e-04
   5.627874e-04    3.608331e+00    1.559689e-04    5.627874e-04
   5.627873e-04    3.614775e+00    1.556908e-04    5.627873e-04
   8.184416e-04    6.647796e+00    1.231147e-04    8.184416e-04
   1.004682e-03    8.666987e+00    1.159205e-04    1.004682e-03
   1.030749e-03    9.823590e+00    1.049259e-04    1.030749e-03
   1.695807e-03    1.138352e+01    1.489703e-04    1.695807e-03
   9.622492e-04    7.580525e+00    1.269370e-04    9.622492e-04
   9.039404e-04    7.359462e+00    1.228270e-04    9.039404e-04
   7.463445e-04    7.989040e+00    9.342105e-05    7.463445e-04
   8.498774e-04    7.452544e+00    1.140386e-04    8.498774e-04
   1.047290e-03    1.086884e+01    9.635709e-05    1.047290e-03
   7.859279e-04    9.144439e+00    8.594599e-05    7.859279e-04
   1.318098e-03    7.513775e+00    1.754242e-04    1.318098e-03
   1.626613e-03    9.874932e+00    1.647214e-04    1.626613e-03
   1.024940e-03    1.010086e+01    1.014706e-04    1.024940e-03
   1.038594e-03    1.026891e+01    1.011396e-04    1.038594e-03
   1.037470e-03    1.016573e+01    1.020557e-04    1.037470e-03
   1.568279e-03    1.001893e+01    1.565316e-04    1.568279e-03
   7.298857e-04    7.661975e+00    9.526078e-05    7.298857e-04
   1.322101e-03    7.435195e+00    1.778167e-04    1.322101e-03
   1.101707e-03    1.223116e+01    9.007378e-05    1.101707e-03
   8.031149e-04    9.561325e+00    8.399619e-05    8.031149e-04
   2.068465e-03    2.813357e+01    7.352303e-05    2.068465e-03
   3.692193e-03    3.884014e+01    9.506128e-05    3.692193e-03
   2.960344e-03    3.726622e+01    7.943773e-05    2.960344e-03
   2.671360e-03    2.962978e+01    9.015794e-05    2.671360e-03
   2.372070e-03    3.058452e+01    7.755787e-05    2.372070e-03
   2.685911e-03    3.362406e+01    7.988064e-05    2.685911e-03
   4.075516e-03    4.930994e+01    8.265101e-05    4.075516e-03
   3.830809e-03    4.222030e+01    9.073383e-05    3.830809e-03
   3.380043e-03    3.250950e+01    1.039710e-04    3.380043e-03
   2.873549e-03    3.971868e+01    7.234755e-05    2.873549e-03
   3.224339e-03    3.640648e+01    8.856498e-05    3.224339e-03
   2.325448e-03    3.523247e+01    6.600299e-05    2.325448e-03
   3.456320e-03    3.690371e+01    9.365780e-05    3.456320e-03
   3.635381e-03    5.426149e+01    6.699744e-05    3.635381e-03
   3.666579e-03    4.031463e+01    9.094909e-05    3.666579e-03
   3.704558e-03    4.009347e+01    9.239804e-05    3.704558e-03
   4.201003e-03    3.465256e+01    1.212321e-04    4.201003e-03
   3.246713e-03    3.428547e+01    9.469646e-05    3.246713e-03
   2.992430e-03    2.601757e+01    1.150157e-04    2.992430e-03
   3.568022e-03    2.412395e+01    1.479037e-04    3.568022e-03
   2.573058e-03    3.092427e+01    8.320515e-05    2.573058e-03
   2.225881e-03    3.292693e+01    6.760064e-05    2.225881e-03
   3.072236e-03    1.710331e+01    1.796282e-04    3.072236e-03
   1.650063e-03    1.738382e+01    9.491948e-05    1.650063e-03
   1.896378e-03    1.876716e+01    1.010477e-04    1.896378e-03
   2.289229e-03    1.670815e+01    1.370127e-04    2.289229e-03
   2.041581e-03    1.608770e+01    1.269032e-04    2.041581e-03
   2.138616e-03    1.693174e+01    1.263081e-04    2.138616e-03
   2.120162e-03    1.853579e+01    1.143821e-04    2.120162e-03
   1.960102e-03    1.907898e+01    1.027362e-04    1.960102e-03
   1.999988e-03    7.877139e+00    2.538978e-04    1.999988e-03
